1,64928282,0.007633,-0.009520,0.998582,14.447514
2,64928334,0.000355,1.013305,-0.029188,16.436464
0,64928386,0.013711,0.010977,0.997477,17.541437
1,64928537,0.007621,-0.009566,0.998605,14.558011
2,64928589,0.000359,1.013309,-0.029180,16.657459
0,64928641,0.013711,0.010984,0.997508,17.651934
1,64928792,0.007660,-0.009570,0.998609,14.337016
2,64928844,0.000375,1.013277,-0.029168,16.657459
0,64928896,0.013730,0.010984,0.997512,17.651934
1,64929047,0.007617,-0.009520,0.998633,14.447514
2,64929099,0.000371,1.013297,-0.029148,16.546961
0,64929151,0.013750,0.010980,0.997512,17.651934
1,64929302,0.007613,-0.009520,0.998645,14.337016
2,64929354,0.000336,1.013273,-0.029137,16.436464
0,64929406,0.013730,0.010980,0.997504,17.541437
1,64929557,0.007613,-0.009531,0.998621,14.668509
2,64929642,0.000340,1.013316,-0.029145,16.657459
0,64929661,0.013711,0.010984,0.997523,17.541437
1,64929812,0.007613,-0.009531,0.998621,14.779005
2,64929897,0.000352,1.013289,-0.029137,16.436464
0,64929916,0.013723,0.010965,0.997473,17.651934
1,64930067,0.007641,-0.009555,0.998598,14.558011
2,64930152,0.000355,1.013293,-0.029141,16.546961
0,64930171,0.013723,0.010980,0.997504,17.430939
1,64930322,0.007641,-0.009562,0.998586,14.558011
2,64930407,0.000367,1.013281,-0.029133,16.546961
0,64930426,0.013711,0.010988,0.997547,17.541437
1,64930577,0.007633,-0.009551,0.998586,14.558011
2,64930662,0.000379,1.013285,-0.029188,16.657459
0,64930681,0.013723,0.010992,0.997496,17.541437
1,64930832,0.007648,-0.009559,0.998574,14.558011
2,64930917,0.000383,1.013273,-0.029211,16.215469
0,64930936,0.013715,0.010980,0.997516,17.651934
1,64931087,0.007633,-0.009543,0.998605,14.558011
2,64931172,0.000359,1.013297,-0.029125,16.436464
0,64931191,0.013711,0.010965,0.997473,17.541437
1,64931342,0.007637,-0.009531,0.998613,14.226520
2,64931427,0.000375,1.013293,-0.029109,16.546961
0,64931446,0.013742,0.010957,0.997500,17.430939
1,64931597,0.007656,-0.009512,0.998566,14.447514
2,64931682,0.000355,1.013281,-0.029148,16.436464
0,64931701,0.013734,0.010969,0.997484,17.541437
1,64931852,0.007645,-0.009555,0.998613,14.558011
2,64931937,0.000371,1.013270,-0.029137,16.546961
0,64931956,0.013727,0.011000,0.997508,17.430939
1,64932107,0.007664,-0.009551,0.998602,14.447514
2,64932192,0.000352,1.013266,-0.029168,16.657459
0,64932211,0.013730,0.010984,0.997453,17.541437
1,64932362,0.007633,-0.009523,0.998582,14.558011
2,64932447,0.000371,1.013309,-0.029152,16.436464
0,64932466,0.013719,0.011008,0.997480,17.541437
1,64932617,0.007609,-0.009555,0.998613,14.447514
2,64932702,0.000363,1.013293,-0.029160,16.657459
0,64932721,0.013707,0.010996,0.997484,17.541437
1,64932872,0.007648,-0.009535,0.998637,14.447514
2,64932957,0.000359,1.013289,-0.029172,16.767956
0,64932976,0.013715,0.010984,0.997453,17.541437
1,64933127,0.007621,-0.009543,0.998633,14.558011
2,64933212,0.000379,1.013281,-0.029156,16.546961
0,64933231,0.013730,0.010953,0.997484,17.430939
