0,45458274,0.013727,0.010996,0.92,45458337,0.000371,1.013289,-0.029156,17.099447
1,45458400,0.007656,-0.009496,0.998652,15.110497
0,45458529,0.013730,0.011004,0.997418,18.314917
2,45458592,0.000383,1.013301,-0.029176,17.099447
1,45458655,0.007641,-0.009512,0.998609,15.220995
0,45458784,0.013703,0.011000,0.997457,18.204420
2,45458847,0.000352,1.013301,-0.029180,17.099447
1,45458910,0.007633,-0.009504,0.998582,15.110497
0,45459039,0.013711,0.011004,0.997461,18.204420
2,45459102,0.000371,1.013305,-0.029137,16.988951
1,45459165,0.007629,-0.009531,0.998633,15.110497
0,45459294,0.013707,0.011000,0.997520,18.314917
2,45459390,0.000359,1.013328,-0.029176,17.099447
1,45459420,0.007625,-0.009504,0.998629,15.110497
0,45459549,0.013707,0.010957,0.997539,18.093924
2,45459645,0.000363,1.013320,-0.029172,17.320442
1,45459675,0.007633,-0.009547,0.998633,15.110497
0,45459804,0.013711,0.011004,0.997527,18.204420
2,45459900,0.000363,1.013320,-0.029207,16.988951
1,45459930,0.007660,-0.009488,0.998637,15.220995
0,45460059,0.013734,0.011020,0.997430,17.983425
2,45460155,0.000352,1.013301,-0.029184,16.988951
1,45460185,0.007648,-0.009516,0.998621,15.110497
0,45460314,0.013730,0.010984,0.997480,18.093924
2,45460410,0.000348,1.013301,-0.029160,16.988951
1,45460440,0.007660,-0.009527,0.998594,15.110497
0,45460569,0.013684,0.010992,0.997504,18.093924
2,45460665,0.000352,1.013332,-0.029168,16.988951
1,45460695,0.007641,-0.009547,0.998582,15.110497
0,45460824,0.013719,0.010977,0.997488,18.093924
2,45460920,0.000375,1.013316,-0.029129,17.099447
1,45460950,0.007637,-0.009531,0.998582,14.889503
0,45461079,0.013730,0.011023,0.997477,18.204420
2,45461175,0.000336,1.013297,-0.029141,17.099447
1,45461205,0.007664,-0.009527,0.998609,15.110497
0,45461334,0.013715,0.010988,0.997488,18.093924
2,45461430,0.000383,1.013328,-0.029129,17.099447
1,45461460,0.007664,-0.009512,0.998637,15.110497
0,45461589,0.013715,0.010988,0.997453,18.204420
2,45461685,0.000379,1.013297,-0.029152,17.209946
1,45461715,0.007652,-0.009512,0.998617,15.220995
0,45461844,0.013715,0.010984,0.997469,18.093924
2,45461940,0.000379,1.013309,-0.029164,17.099447
1,45461970,0.007656,-0.009539,0.998586,15.000000
0,45462099,0.013730,0.010969,0.997508,18.314917
2,45462195,0.000359,1.013328,-0.029172,17.099447
1,45462225,0.007621,-0.009555,0.998605,15.000000
0,45462354,0.013734,0.010965,0.997500,18.204420
2,45462450,0.000352,1.013281,-0.029117,17.099447
1,45462480,0.007641,-0.009531,0.998633,15.220995
0,45462609,0.013723,0.010977,0.997508,18.093924
2,45462705,0.000348,1.013297,-0.029141,17.209946
1,45462735,0.007656,-0.009508,0.998621,15.220995
0,45462864,0.013723,0.010996,0.997520,18.425415
2,45462960,0.000367,1.013309,-0.029156,16.988951
1,45462990,0.007641,-0.009543,0.998609,15.110497
0,45463119,0.013719,0.010980,0.997496,18.093924
2,45463215,0.000352,1.013293,-0.029168,17.099447
1,45463245,0.007633,-0.009523,0.998645,15.110497
