1,53802331,0.007648,-0.009551,0.998613,14.889503
2,53802383,0.000398,1.013273,-0.029164,16.767956
0,53802468,0.013707,0.011012,0.997465,17.762430
1,53802586,0.007652,-0.009520,0.998625,14.779005
2,53802638,0.000355,1.013305,-0.029203,16.878452
0,53802723,0.013715,0.011000,0.997477,17.872929
1,53802841,0.007625,-0.009559,0.998598,14.889503
2,53802893,0.000367,1.013301,-0.029191,16.546961
0,53802978,0.013723,0.010980,0.997496,17.651934
1,53803096,0.007629,-0.009543,0.998582,14.779005
2,53803148,0.000379,1.013324,-0.029145,16.767956
0,53803233,0.013715,0.010988,0.997520,17.872929
1,53803351,0.007645,-0.009559,0.998590,14.889503
2,53803403,0.000379,1.013312,-0.029141,16.878452
0,53803488,0.013715,0.010988,0.997496,17.872929
1,53803606,0.007668,-0.009570,0.998609,14.779005
2,53803658,0.000379,1.013301,-0.029145,16.657459
0,53803743,0.013707,0.010965,0.997500,17.872929
1,53803861,0.007637,-0.009531,0.998578,14.889503
2,53803913,0.000371,1.013277,-0.029230,16.988951
0,53803998,0.013730,0.010984,0.997535,18.093924
1,53804116,0.007652,-0.009535,0.998602,14.889503
2,53804168,0.000359,1.013285,-0.029195,16.878452
0,53804253,0.013684,0.011008,0.997520,17.983425
1,53804371,0.007633,-0.009543,0.998613,14.668509
2,53804423,0.000371,1.013289,-0.029176,16.657459
0,53804508,0.013699,0.010996,0.997531,17.872929
1,53804626,0.007641,-0.009539,0.998633,14.889503
2,53804678,0.000379,1.013285,-0.029156,16.767956
0,53804763,0.013699,0.010977,0.997504,17.872929
1,53804881,0.007625,-0.009531,0.998566,14.889503
2,53804933,0.000367,1.013297,-0.029207,16.657459
0,53805018,0.013719,0.010980,0.997484,17.762430
1,53805136,0.007648,-0.009559,0.998543,14.779005
2,53805188,0.000371,1.013297,-0.029199,16.878452
0,53805273,0.013730,0.010992,0.997504,17.872929
1,53805391,0.007648,-0.009531,0.998590,14.779005
2,53805443,0.000395,1.013281,-0.029148,16.878452
0,53805528,0.013715,0.010977,0.997477,17.983425
1,53805646,0.007625,-0.009504,0.998613,14.779005
2,53805698,0.000391,1.013277,-0.029160,16.767956
0,53805783,0.013723,0.010996,0.997508,17.983425
1,53805901,0.007676,-0.009535,0.998621,14.779005
2,53805953,0.000367,1.013273,-0.029164,16.878452
0,53806038,0.013738,0.010980,0.997453,17.872929
1,53806156,0.007656,-0.009523,0.998625,14.889503
2,53806208,0.000352,1.013281,-0.029125,16.878452
0,53806293,0.013711,0.011004,0.997422,18.093924
1,53806411,0.007625,-0.009559,0.998594,14.889503
2,53806463,0.000367,1.013297,-0.029129,16.878452
0,53806548,0.013695,0.011016,0.997500,17.762430
1,53806666,0.007656,-0.009547,0.998527,14.779005
2,53806718,0.000383,1.013293,-0.029121,16.657459
0,53806803,0.013711,0.011020,0.997496,17.872929
1,53806921,0.007664,-0.009535,0.998555,14.889503
2,53807006,0.000391,1.013289,-0.029195,16.767956
0,53807058,0.013734,0.010980,0.997496,17.872929
1,53807176,0.007648,-0.009547,0.998605,14.779005
2,53807261,0.000406,1.013285,-0.029133,16.767956
0,53807313,0.013746,0.010973,0.997461,17.872929
