0,40823033,0.013711,0.010980,0.997500,18.425415
1,40823085,0.007656,-0.009531,0.998602,15.220995
2,40823104,0.000383,1.013289,-0.029152,17.099447
0,40823288,0.013734,0.010973,0.997480,18.425415
1,40823340,0.007648,-0.009527,0.998617,15.331491
2,40823359,0.000383,1.013328,-0.029129,17.320442
0,40823543,0.013711,0.011000,0.997520,18.535912
1,40823595,0.007652,-0.009527,0.998621,15.331491
2,40823614,0.000387,1.013289,-0.029152,17.430939
0,40823798,0.013719,0.010996,0.997496,18.425415
1,40823850,0.007637,-0.009520,0.998578,15.220995
2,40823869,0.000391,1.013297,-0.029129,17.320442
0,40824053,0.013699,0.010973,0.997465,18.314917
1,40824105,0.007652,-0.009500,0.998598,15.220995
2,40824124,0.000398,1.013324,-0.029141,17.209946
0,40824308,0.013715,0.010988,0.997496,18.204420
1,40824360,0.007617,-0.009504,0.998598,15.220995
2,40824379,0.000395,1.013301,-0.029137,17.209946
0,40824563,0.013730,0.010980,0.997492,18.425415
1,40824615,0.007621,-0.009516,0.998582,15.220995
2,40824634,0.000395,1.013293,-0.029133,17.099447
0,40824818,0.013719,0.011004,0.997484,18.314917
1,40824870,0.007645,-0.009539,0.998586,15.331491
2,40824889,0.000398,1.013297,-0.029203,17.209946
0,40825073,0.013699,0.010992,0.997512,18.425415
1,40825125,0.007660,-0.009543,0.998625,15.220995
2,40825144,0.000395,1.013297,-0.029168,17.099447
0,40825328,0.013715,0.010992,0.997484,18.425415
1,40825380,0.007629,-0.009508,0.998605,15.331491
2,40825432,0.000410,1.013285,-0.029141,17.099447
0,40825583,0.013746,0.010953,0.997531,18.425415
1,40825635,0.007652,-0.009527,0.998598,15.331491
2,40825687,0.000391,1.013309,-0.029133,17.320442
0,40825838,0.013715,0.010984,0.997496,18.425415
1,40825890,0.007645,-0.009559,0.998582,15.441989
2,40825942,0.000367,1.013285,-0.029137,17.209946
0,40826093,0.013738,0.010980,0.997516,18.425415
1,40826145,0.007656,-0.009531,0.998582,15.331491
2,40826197,0.000359,1.013273,-0.029172,17.541437
0,40826348,0.013707,0.010996,0.997508,18.425415
1,40826400,0.007664,-0.009547,0.998586,15.110497
2,40826452,0.000387,1.013301,-0.029176,17.320442
0,40826603,0.013707,0.010984,0.997488,18.425415
1,40826655,0.007613,-0.009527,0.998617,15.220995
2,40826707,0.000383,1.013293,-0.029160,17.320442
0,40826858,0.013723,0.011004,0.997469,18.425415
1,40826943,0.007656,-0.009504,0.998625,15.441989
2,40826962,0.000375,1.013312,-0.029199,17.099447
0,40827113,0.013723,0.010984,0.997535,18.425415
1,40827198,0.007609,-0.009512,0.998633,15.220995
2,40827217,0.000395,1.013285,-0.029133,17.209946
0,40827368,0.013711,0.010996,0.997488,18.425415
1,40827453,0.007645,-0.009539,0.998652,15.331491
2,40827472,0.000391,1.013301,-0.029152,17.209946
0,40827623,0.013715,0.010992,0.997473,18.425415
1,40827708,0.007648,-0.009527,0.998598,15.220995
2,40827727,0.000395,1.013316,-0.029152,17.320442
0,40827878,0.013695,0.011004,0.997488,18.425415
