0,26916523,0.013789,0.011000,0.997469,19.309393
2,26916586,0.000375,1.013363,-0.029180,18.093924
1,26916649,0.007652,-0.009551,0.998629,16.104973
0,26916778,0.013758,0.010992,0.997492,19.309393
2,26916841,0.000391,1.013363,-0.029145,18.204420
1,26916904,0.007629,-0.009527,0.998625,16.104973
0,26917033,0.013770,0.011004,0.997484,19.198895
2,26917096,0.000426,1.013363,-0.029137,18.314917
1,26917159,0.007637,-0.009508,0.998645,16.325968
0,26917288,0.013785,0.011043,0.997512,19.309393
2,26917351,0.000410,1.013355,-0.029105,18.093924
1,26917414,0.007641,-0.009527,0.998625,16.104973
0,26917543,0.013777,0.011004,0.997496,19.198895
2,26917606,0.000418,1.013355,-0.029113,17.983425
1,26917669,0.007668,-0.009535,0.998641,16.104973
0,26917798,0.013773,0.011027,0.997504,19.198895
2,26917861,0.000434,1.013348,-0.029160,18.093924
1,26917924,0.007641,-0.009531,0.998613,16.104973
0,26918053,0.013770,0.011012,0.997500,19.198895
2,26918116,0.000391,1.013359,-0.029137,18.314917
1,26918179,0.007660,-0.009531,0.998609,16.104973
0,26918308,0.013801,0.010996,0.997461,19.309393
2,26918371,0.000418,1.013363,-0.029109,18.204420
1,26918434,0.007629,-0.009527,0.998617,15.994475
0,26918563,0.013773,0.010996,0.997488,19.198895
2,26918626,0.000395,1.013352,-0.029098,18.314917
1,26918689,0.007652,-0.009551,0.998637,16.104973
0,26918818,0.013789,0.011004,0.997527,19.198895
2,26918881,0.000410,1.013359,-0.029184,18.204420
1,26918944,0.007656,-0.009562,0.998621,16.104973
0,26919073,0.013781,0.010996,0.997496,19.088398
2,26919136,0.000406,1.013355,-0.029172,18.093924
1,26919199,0.007652,-0.009523,0.998656,15.994475
0,26919328,0.013727,0.010996,0.997500,19.309393
2,26919391,0.000418,1.013355,-0.029145,18.314917
1,26919454,0.007660,-0.009523,0.998641,16.215469
0,26919583,0.013758,0.010988,0.997480,19.088398
2,26919646,0.000398,1.013336,-0.029125,18.204420
1,26919709,0.007629,-0.009512,0.998625,15.994475
0,26919838,0.013758,0.011000,0.997500,19.198895
2,26919901,0.000387,1.013348,-0.029176,18.093924
1,26919964,0.007668,-0.009535,0.998652,16.104973
0,26920093,0.013770,0.011008,0.997496,19.088398
2,26920156,0.000395,1.013348,-0.029148,18.093924
1,26920219,0.007641,-0.009547,0.998625,15.994475
0,26920348,0.013781,0.011020,0.997477,19.309393
2,26920411,0.000395,1.013305,-0.029172,18.314917
1,26920474,0.007648,-0.009500,0.998609,15.883978
0,26920603,0.013762,0.011027,0.997500,19.198895
2,26920666,0.000398,1.013355,-0.029156,17.983425
1,26920729,0.007629,-0.009539,0.998648,16.215469
0,26920858,0.013793,0.011016,0.997559,19.088398
2,26920921,0.000363,1.013348,-0.029148,18.425415
1,26920984,0.007645,-0.009543,0.998633,16.104973
0,26921113,0.013750,0.011020,0.997492,19.198895
2,26921176,0.000367,1.013352,-0.029195,17.983425
1,26921239,0.007668,-0.009527,0.998613,16.104973
0,26921368,0.013770,0.010996,0.997484,19.198895
2,26921464,0.000359,1.013328,-0.029133,18.093924
1,26921494,0.007668,-0.009527,0.998648,16.104973
