1,89032789,0.007633,-0.009543,0.998633,13.232044
2,89032808,0.000285,1.013230,-0.029199,15.220995
0,89032893,0.013695,0.010984,0.997512,16.215469
1,89033044,0.007621,-0.009535,0.998613,13.121547
2,89033063,0.000309,1.013230,-0.029191,15.220995
0,89033148,0.013680,0.010996,0.997520,16.215469
1,89033299,0.007637,-0.009520,0.998590,13.121547
2,89033318,0.000320,1.013258,-0.029203,15.331491
0,89033403,0.013695,0.010988,0.997488,16.104973
1,89033554,0.007617,-0.009551,0.998578,13.011049
2,89033573,0.000297,1.013230,-0.029164,15.220995
0,89033658,0.013703,0.010984,0.997527,16.104973
1,89033809,0.007633,-0.009547,0.998594,13.121547
2,89033828,0.000332,1.013234,-0.029172,15.220995
0,89033913,0.013668,0.010996,0.997445,16.215469
1,89034064,0.007637,-0.009547,0.998637,13.121547
2,89034083,0.000348,1.013254,-0.029156,15.220995
0,89034168,0.013676,0.011008,0.997496,16.325968
1,89034319,0.007629,-0.009535,0.998648,13.011049
2,89034338,0.000344,1.013273,-0.029137,15.220995
0,89034423,0.013656,0.010969,0.997535,16.215469
1,89034574,0.007633,-0.009523,0.998602,13.121547
2,89034593,0.000316,1.013250,-0.029180,15.220995
0,89034678,0.013660,0.010965,0.997516,16.104973
1,89034829,0.007617,-0.009562,0.998578,13.121547
2,89034848,0.000340,1.013250,-0.029156,15.331491
0,89034900,0.013656,0.010973,0.997539,16.215469
1,89035084,0.007613,-0.009531,0.998660,13.121547
2,89035103,0.000344,1.013223,-0.029129,15.110497
0,89035155,0.013660,0.010980,0.997508,16.215469
1,89035339,0.007625,-0.009520,0.998617,13.011049
2,89035358,0.000316,1.013211,-0.029141,15.110497
0,89035410,0.013687,0.010988,0.997523,16.104973
1,89035594,0.007641,-0.009539,0.998676,13.121547
2,89035613,0.000336,1.013207,-0.029164,15.220995
0,89035665,0.013695,0.011004,0.997531,16.215469
1,89035849,0.007625,-0.009547,0.998648,12.900553
2,89035868,0.000332,1.013234,-0.029172,15.110497
0,89035920,0.013668,0.011020,0.997504,16.215469
1,89036104,0.007648,-0.009535,0.998598,13.121547
2,89036123,0.000293,1.013234,-0.029211,15.220995
0,89036175,0.013687,0.010996,0.997492,16.104973
1,89036359,0.007637,-0.009535,0.998578,13.121547
2,89036378,0.000305,1.013234,-0.029164,15.110497
0,89036430,0.013660,0.010977,0.997500,16.104973
1,89036614,0.007613,-0.009539,0.998594,13.232044
2,89036633,0.000328,1.013238,-0.029160,15.220995
0,89036685,0.013656,0.010977,0.997492,16.325968
1,89036869,0.007617,-0.009531,0.998555,13.121547
2,89036888,0.000355,1.013246,-0.029141,15.220995
0,89036940,0.013656,0.010996,0.997488,16.215469
1,89037124,0.007613,-0.009531,0.998594,13.121547
2,89037143,0.000340,1.013242,-0.029176,15.220995
0,89037195,0.013676,0.010949,0.997477,16.325968
1,89037379,0.007637,-0.009531,0.998629,13.342542
2,89037398,0.000328,1.013223,-0.029148,15.220995
0,89037450,0.013691,0.010973,0.997539,16.215469
1,89037634,0.007617,-0.009539,0.998645,13.121547
2,89037653,0.000328,1.013238,-0.029168,15.220995
0,89037705,0.013676,0.010973,0.997484,16.325968
