1,35260366,0.007664,-0.009539,0.998629,15.552486
0,35260429,0.013727,0.010992,0.997520,18.756907
2,35260459,0.000410,1.013297,-0.029141,17.651934
1,35260621,0.007648,-0.009535,0.998586,15.331491
0,35260684,0.013691,0.010977,0.997512,18.756907
2,35260714,0.000379,1.013305,-0.029164,17.541437
1,35260876,0.007664,-0.009527,0.998570,15.552486
0,35260939,0.013730,0.011000,0.997543,18.646408
2,35260969,0.000379,1.013344,-0.029164,17.541437
1,35261131,0.007621,-0.009543,0.998609,15.662984
0,35261194,0.013738,0.010984,0.997527,18.756907
2,35261224,0.000391,1.013340,-0.029180,17.541437
1,35261386,0.007660,-0.009551,0.998621,15.552486
0,35261449,0.013734,0.011000,0.997516,18.646408
2,35261479,0.000426,1.013340,-0.029121,17.651934
1,35261641,0.007645,-0.009523,0.998570,15.552486
0,35261671,0.013730,0.011004,0.997500,18.756907
2,35261734,0.000398,1.013336,-0.029133,17.541437
1,35261896,0.007645,-0.009520,0.998590,15.662984
0,35261926,0.013711,0.011020,0.997523,18.756907
2,35261989,0.000363,1.013320,-0.029152,17.762430
1,35262151,0.007648,-0.009539,0.998602,15.662984
0,35262181,0.013719,0.010992,0.997500,18.646408
2,35262244,0.000402,1.013336,-0.029137,17.541437
1,35262406,0.007633,-0.009523,0.998594,15.552486
0,35262436,0.013711,0.010977,0.997516,18.756907
2,35262499,0.000398,1.013363,-0.029129,17.541437
1,35262661,0.007656,-0.009527,0.998586,15.662984
0,35262691,0.013711,0.011004,0.997492,18.756907
2,35262754,0.000414,1.013328,-0.029129,17.541437
1,35262916,0.007645,-0.009531,0.998598,15.662984
0,35262946,0.013719,0.010973,0.997484,18.756907
2,35263009,0.000387,1.013297,-0.029152,17.541437
1,35263171,0.007641,-0.009559,0.998582,15.552486
0,35263201,0.013707,0.011016,0.997496,18.756907
2,35263264,0.000383,1.013309,-0.029137,17.541437
1,35263426,0.007656,-0.009535,0.998578,15.552486
0,35263456,0.013711,0.011031,0.997480,18.756907
2,35263519,0.000418,1.013336,-0.029117,17.541437
1,35263681,0.007660,-0.009504,0.998594,15.773480
0,35263711,0.013727,0.010992,0.997512,18.756907
2,35263774,0.000438,1.013352,-0.029078,17.541437
1,35263936,0.007688,-0.009531,0.998594,15.662984
0,35263966,0.013727,0.010984,0.997449,18.756907
2,35264029,0.000430,1.013320,-0.029172,17.541437
1,35264191,0.007660,-0.009559,0.998590,15.662984
0,35264221,0.013758,0.010980,0.997469,18.646408
2,35264284,0.000398,1.013320,-0.029117,17.651934
1,35264446,0.007648,-0.009520,0.998613,15.662984
0,35264476,0.013727,0.010996,0.997480,18.646408
2,35264539,0.000410,1.013320,-0.029129,17.651934
1,35264701,0.007648,-0.009551,0.998602,15.662984
0,35264731,0.013738,0.011012,0.997496,18.756907
2,35264794,0.000406,1.013332,-0.029148,17.651934
1,35264956,0.007629,-0.009535,0.998625,15.662984
0,35264986,0.013746,0.011008,0.997504,18.535912
2,35265049,0.000402,1.013328,-0.029125,17.651934
1,35265211,0.007629,-0.009520,0.998629,15.773480
0,35265241,0.013742,0.011016,0.997484,18.867403
2,35265304,0.000375,1.013312,-0.029156,17.541437
