2,70490817,0.000344,1.013277,-0.029141,16.546961
0,70490902,0.013711,0.011000,0.997480,17.430939
1,70490954,0.007645,-0.009551,0.998582,14.226520
2,70491072,0.000336,1.013273,-0.029098,16.436464
0,70491157,0.013707,0.010988,0.997531,17.430939
1,70491209,0.007633,-0.009570,0.998559,14.447514
2,70491327,0.000340,1.013270,-0.029109,16.546961
0,70491412,0.013719,0.010984,0.997527,17.430939
1,70491464,0.007633,-0.009555,0.998609,14.337016
2,70491582,0.000352,1.013270,-0.029156,16.325968
0,70491667,0.013730,0.010996,0.997547,17.541437
1,70491719,0.007598,-0.009562,0.998570,14.226520
2,70491837,0.000359,1.013266,-0.029152,16.436464
0,70491922,0.013684,0.010992,0.997531,17.320442
1,70491974,0.007629,-0.009574,0.998602,14.447514
2,70492092,0.000344,1.013297,-0.029148,16.436464
0,70492177,0.013680,0.011000,0.997492,17.430939
1,70492229,0.007633,-0.009547,0.998637,14.337016
2,70492347,0.000363,1.013270,-0.029172,16.546961
0,70492432,0.013730,0.010992,0.997473,17.541437
1,70492484,0.007621,-0.009555,0.998598,14.337016
2,70492602,0.000375,1.013254,-0.029141,16.436464
0,70492687,0.013715,0.010988,0.997469,17.430939
1,70492739,0.007641,-0.009562,0.998578,14.337016
2,70492857,0.000340,1.013285,-0.029156,16.436464
0,70492942,0.013719,0.010977,0.997488,17.541437
1,70492994,0.007656,-0.009566,0.998559,14.337016
2,70493112,0.000324,1.013293,-0.029156,16.215469
0,70493197,0.013707,0.010969,0.997465,17.541437
1,70493249,0.007648,-0.009566,0.998582,14.337016
2,70493367,0.000332,1.013273,-0.029137,16.325968
0,70493452,0.013723,0.010980,0.997531,17.209946
1,70493504,0.007633,-0.009547,0.998613,14.337016
2,70493622,0.000352,1.013285,-0.029129,16.215469
0,70493707,0.013699,0.010988,0.997531,17.541437
1,70493759,0.007645,-0.009531,0.998578,14.337016
2,70493877,0.000344,1.013312,-0.029164,16.325968
0,70493962,0.013715,0.010992,0.997480,17.541437
1,70494014,0.007605,-0.009520,0.998625,14.337016
2,70494132,0.000320,1.013309,-0.029148,16.325968
0,70494217,0.013723,0.010977,0.997484,17.651934
1,70494269,0.007621,-0.009551,0.998598,14.337016
2,70494387,0.000344,1.013270,-0.029129,16.436464
0,70494472,0.013695,0.010965,0.997496,17.430939
1,70494524,0.007648,-0.009516,0.998559,14.447514
2,70494642,0.000355,1.013266,-0.029121,16.325968
0,70494727,0.013723,0.010988,0.997586,17.430939
1,70494779,0.007617,-0.009535,0.998594,14.447514
2,70494897,0.000344,1.013285,-0.029121,16.436464
0,70494982,0.013742,0.010996,0.997574,17.541437
1,70495034,0.007621,-0.009555,0.998582,14.337016
2,70495152,0.000348,1.013281,-0.029141,16.325968
0,70495237,0.013668,0.010988,0.997508,17.541437
1,70495289,0.007656,-0.009523,0.998605,14.558011
2,70495407,0.000320,1.013281,-0.029172,16.436464
0,70495492,0.013664,0.011000,0.997477,17.209946
1,70495544,0.007664,-0.009570,0.998590,14.447514
2,70495662,0.000336,1.013305,-0.029164,16.436464
0,70495747,0.013695,0.011004,0.997527,17.430939
1,70495799,0.007656,-0.009543,0.998590,14.337016
