0,15790639,0.013754,0.011016,0.997480,19.861879
1,15790658,0.007660,-0.009508,0.998660,16.657459
2,15790710,0.000426,1.013352,-0.029184,18.756907
0,15790894,0.013766,0.011012,0.997473,19.861879
1,15790913,0.007629,-0.009496,0.998656,16.657459
2,15790965,0.000414,1.013355,-0.029164,18.646408
0,15791149,0.013754,0.010992,0.997504,19.972376
1,15791168,0.007645,-0.009512,0.998629,16.546961
2,15791220,0.000406,1.013363,-0.029125,18.646408
0,15791404,0.013746,0.011020,0.997449,19.640884
1,15791423,0.007660,-0.009527,0.998656,16.657459
2,15791475,0.000434,1.013398,-0.029133,18.756907
0,15791659,0.013742,0.011008,0.997445,19.751381
1,15791678,0.007664,-0.009523,0.998664,16.546961
2,15791730,0.000430,1.013375,-0.029145,18.756907
0,15791914,0.013758,0.011023,0.997469,19.640884
1,15791933,0.007660,-0.009523,0.998680,16.657459
2,15791985,0.000422,1.013394,-0.029203,18.756907
0,15792169,0.013773,0.011008,0.997457,19.751381
1,15792188,0.007668,-0.009500,0.998672,16.657459
2,15792240,0.000430,1.013363,-0.029156,18.756907
0,15792424,0.013758,0.011004,0.997465,19.861879
1,15792443,0.007641,-0.009508,0.998605,16.767956
2,15792495,0.000426,1.013387,-0.029184,18.756907
0,15792679,0.013781,0.011004,0.997492,19.861879
1,15792698,0.007637,-0.009531,0.998664,16.546961
2,15792750,0.000398,1.013387,-0.029141,18.756907
0,15792934,0.013758,0.011000,0.997520,19.530386
1,15792953,0.007672,-0.009535,0.998625,16.657459
2,15793005,0.000391,1.013359,-0.029184,18.756907
0,15793189,0.013758,0.011012,0.997473,19.751381
1,15793208,0.007652,-0.009516,0.998633,16.657459
2,15793260,0.000406,1.013359,-0.029164,18.756907
0,15793444,0.013746,0.010996,0.997445,19.640884
1,15793463,0.007637,-0.009523,0.998629,16.767956
2,15793515,0.000426,1.013367,-0.029156,18.756907
0,15793699,0.013738,0.011027,0.997430,19.751381
1,15793718,0.007617,-0.009551,0.998625,16.546961
2,15793770,0.000402,1.013391,-0.029156,18.756907
0,15793954,0.013766,0.011000,0.997453,19.640884
1,15793973,0.007660,-0.009562,0.998652,16.657459
2,15794025,0.000434,1.013387,-0.029121,18.756907
0,15794209,0.013777,0.011012,0.997422,19.640884
1,15794228,0.007617,-0.009512,0.998656,16.657459
2,15794280,0.000418,1.013371,-0.029121,18.646408
0,15794464,0.013766,0.011012,0.997473,19.861879
1,15794483,0.007641,-0.009539,0.998641,16.657459
2,15794535,0.000422,1.013371,-0.029184,18.646408
0,15794719,0.013777,0.011004,0.997441,19.972376
1,15794738,0.007652,-0.009527,0.998625,16.657459
2,15794790,0.000422,1.013406,-0.029160,18.756907
0,15794974,0.013813,0.011004,0.997457,19.640884
1,15794993,0.007633,-0.009527,0.998629,16.657459
2,15795045,0.000422,1.013387,-0.029141,18.646408
0,15795229,0.013781,0.011023,0.997449,19.861879
1,15795248,0.007637,-0.009527,0.998645,16.657459
2,15795300,0.000430,1.013406,-0.029113,18.756907
0,15795484,0.013766,0.011020,0.997441,19.751381
1,15795503,0.007664,-0.009512,0.998676,16.657459
2,15795555,0.000422,1.013387,-0.029137,18.756907
