2,46385446,0.000379,1.013301,-0.029199,17.099447
0,46385498,0.013695,0.010988,0.997512,18.093924
1,46385550,0.007629,-0.009539,0.998594,15.110497
2,46385701,0.000387,1.013305,-0.029168,16.988951
0,46385753,0.013730,0.010957,0.997484,18.093924
1,46385805,0.007637,-0.009551,0.998613,15.110497
2,46385956,0.000371,1.013309,-0.029156,16.878452
0,46386008,0.013711,0.010988,0.997508,18.093924
1,46386060,0.007645,-0.009523,0.998637,15.110497
2,46386211,0.000379,1.013324,-0.029156,17.099447
0,46386263,0.013695,0.010984,0.997484,18.093924
1,46386315,0.007605,-0.009539,0.998625,14.889503
2,46386466,0.000367,1.013309,-0.029188,16.988951
0,46386518,0.013680,0.010992,0.997500,18.314917
1,46386570,0.007637,-0.009539,0.998633,15.110497
2,46386721,0.000371,1.013301,-0.029160,16.988951
0,46386773,0.013711,0.010984,0.997500,18.314917
1,46386825,0.007656,-0.009551,0.998609,15.000000
2,46386976,0.000398,1.013312,-0.029133,17.099447
0,46387028,0.013711,0.010980,0.997504,18.314917
1,46387080,0.007645,-0.009535,0.998613,15.110497
2,46387231,0.000414,1.013309,-0.029145,16.878452
0,46387283,0.013730,0.010992,0.997496,17.983425
1,46387335,0.007637,-0.009535,0.998586,15.110497
2,46387486,0.000383,1.013289,-0.029145,17.099447
0,46387538,0.013723,0.010961,0.997504,18.093924
1,46387590,0.007594,-0.009570,0.998605,15.000000
2,46387741,0.000398,1.013281,-0.029152,16.988951
0,46387793,0.013723,0.010957,0.997496,18.093924
1,46387845,0.007633,-0.009535,0.998586,15.110497
2,46387996,0.000375,1.013277,-0.029172,16.988951
0,46388048,0.013734,0.010969,0.997473,17.983425
1,46388100,0.007625,-0.009531,0.998637,15.110497
2,46388251,0.000379,1.013301,-0.029184,17.209946
0,46388303,0.013754,0.010984,0.997477,18.093924
1,46388355,0.007621,-0.009543,0.998633,15.110497
2,46388506,0.000383,1.013309,-0.029168,17.099447
0,46388558,0.013719,0.010980,0.997465,18.093924
1,46388610,0.007648,-0.009531,0.998609,15.110497
2,46388761,0.000387,1.013309,-0.029152,17.099447
0,46388813,0.013734,0.010965,0.997480,18.314917
1,46388865,0.007652,-0.009512,0.998605,15.000000
2,46389016,0.000391,1.013312,-0.029113,17.099447
0,46389068,0.013715,0.010996,0.997488,18.314917
1,46389120,0.007660,-0.009555,0.998621,15.110497
2,46389271,0.000363,1.013309,-0.029168,16.988951
0,46389323,0.013730,0.010973,0.997449,18.425415
1,46389375,0.007645,-0.009531,0.998609,15.220995
2,46389559,0.000359,1.013305,-0.029191,16.988951
0,46389578,0.013719,0.010980,0.997488,18.093924
1,46389630,0.007621,-0.009551,0.998660,14.889503
2,46389814,0.000371,1.013301,-0.029180,17.099447
0,46389833,0.013734,0.010996,0.997441,18.204420
1,46389885,0.007656,-0.009516,0.998645,15.220995
2,46390069,0.000363,1.013316,-0.029172,16.988951
0,46390088,0.013695,0.010961,0.997434,17.983425
1,46390140,0.007637,-0.009535,0.998602,15.441989
2,46390324,0.000367,1.013293,-0.029129,17.099447
0,46390343,0.013703,0.010965,0.997535,17.872929
1,46390395,0.007660,-0.009531,0.998594,15.110497
