1,28770760,0.007652,-0.009527,0.998609,15.994475
2,28770779,0.000391,1.013363,-0.029145,17.983425
0,28770864,0.013762,0.010969,0.997488,19.198895
1,28771015,0.007703,-0.009539,0.998605,16.104973
2,28771034,0.000402,1.013359,-0.029141,18.093924
0,28771119,0.013758,0.011004,0.997461,19.198895
1,28771270,0.007660,-0.009516,0.998605,16.104973
2,28771289,0.000418,1.013348,-0.029145,18.093924
0,28771374,0.013738,0.010996,0.997492,19.198895
1,28771525,0.007664,-0.009547,0.998637,15.994475
2,28771544,0.000387,1.013367,-0.029098,18.093924
0,28771629,0.013742,0.010992,0.997461,19.088398
1,28771780,0.007656,-0.009527,0.998594,15.994475
2,28771799,0.000406,1.013359,-0.029148,17.872929
0,28771884,0.013762,0.010992,0.997496,19.088398
1,28772035,0.007656,-0.009531,0.998652,16.104973
2,28772054,0.000398,1.013344,-0.029105,17.872929
0,28772139,0.013773,0.011016,0.997516,19.198895
1,28772290,0.007672,-0.009531,0.998613,15.994475
2,28772309,0.000391,1.013352,-0.029141,17.983425
0,28772394,0.013754,0.010984,0.997520,19.309393
1,28772545,0.007664,-0.009562,0.998633,16.104973
2,28772564,0.000395,1.013348,-0.029180,17.983425
0,28772649,0.013730,0.010988,0.997523,19.088398
1,28772800,0.007645,-0.009566,0.998625,15.994475
2,28772819,0.000395,1.013352,-0.029172,18.093924
0,28772904,0.013762,0.010980,0.997469,18.977901
1,28773055,0.007648,-0.009527,0.998625,15.994475
2,28773074,0.000418,1.013348,-0.029207,17.872929
0,28773159,0.013766,0.010996,0.997500,18.977901
1,28773310,0.007668,-0.009523,0.998629,16.104973
2,28773329,0.000410,1.013348,-0.029176,17.872929
0,28773414,0.013746,0.010984,0.997488,18.977901
1,28773565,0.007660,-0.009531,0.998672,15.883978
2,28773584,0.000414,1.013348,-0.029141,18.093924
0,28773669,0.013758,0.011016,0.997457,19.088398
1,28773820,0.007637,-0.009539,0.998645,16.104973
2,28773872,0.000410,1.013340,-0.029137,17.983425
0,28773924,0.013738,0.010996,0.997488,19.088398
1,28774075,0.007633,-0.009520,0.998641,15.994475
2,28774127,0.000426,1.013344,-0.029156,17.872929
0,28774179,0.013738,0.010980,0.997477,19.198895
1,28774330,0.007645,-0.009531,0.998641,15.883978
2,28774382,0.000402,1.013348,-0.029109,17.872929
0,28774434,0.013750,0.011004,0.997449,19.088398
1,28774585,0.007633,-0.009512,0.998645,16.104973
2,28774637,0.000410,1.013383,-0.029137,17.872929
0,28774656,0.013727,0.011000,0.997492,18.977901
1,28774840,0.007660,-0.009527,0.998637,15.883978
2,28774892,0.000418,1.013367,-0.029172,17.872929
0,28774911,0.013707,0.010996,0.997480,18.977901
1,28775095,0.007645,-0.009535,0.998590,15.994475
2,28775147,0.000406,1.013363,-0.029180,17.872929
0,28775166,0.013719,0.010980,0.997477,19.088398
1,28775350,0.007648,-0.009520,0.998625,15.883978
2,28775402,0.000402,1.013355,-0.029180,17.872929
0,28775421,0.013746,0.010977,0.997488,19.309393
1,28775605,0.007672,-0.009520,0.998625,16.104973
2,28775657,0.000406,1.013367,-0.029148,17.983425
0,28775676,0.013770,0.010984,0.997484,19.198895
