1,38968670,0.007633,-0.009539,0.998605,15.552486
0,38968700,0.013742,0.011035,0.997465,18.646408
1,38968917,0.007625,-0.009543,0.998586,15.441989
2,38968936,0.000398,1.013336,-0.029105,17.430939
0,38968955,0.013750,0.010996,0.997484,18.425415
1,38969172,0.007648,-0.009559,0.998598,15.331491
2,38969191,0.000387,1.013301,-0.029121,17.430939
0,38969210,0.013730,0.010988,0.997516,18.646408
1,38969427,0.007637,-0.009547,0.998609,15.552486
2,38969446,0.000395,1.013301,-0.029133,17.430939
0,38969465,0.013730,0.010977,0.997531,18.535912
1,38969682,0.007648,-0.009578,0.998613,15.331491
2,38969701,0.000383,1.013332,-0.029184,17.541437
0,38969720,0.013723,0.010988,0.997500,18.425415
1,38969937,0.007656,-0.009543,0.998609,15.331491
2,38969956,0.000391,1.013324,-0.029160,17.430939
0,38969975,0.013707,0.011000,0.997477,18.535912
1,38970192,0.007652,-0.009523,0.998621,15.331491
2,38970211,0.000395,1.013281,-0.029117,17.430939
0,38970230,0.013727,0.011008,0.997480,18.646408
1,38970447,0.007625,-0.009531,0.998613,15.220995
2,38970466,0.000383,1.013281,-0.029133,17.541437
0,38970485,0.013766,0.011031,0.997488,18.425415
1,38970702,0.007652,-0.009543,0.998617,15.331491
2,38970721,0.000387,1.013297,-0.029125,17.430939
0,38970740,0.013742,0.011020,0.997516,18.425415
1,38970957,0.007637,-0.009547,0.998637,15.441989
2,38970976,0.000383,1.013301,-0.029105,17.430939
0,38970995,0.013746,0.010996,0.997520,18.646408
1,38971212,0.007609,-0.009543,0.998590,15.662984
2,38971231,0.000387,1.013297,-0.029141,17.430939
0,38971250,0.013730,0.010980,0.997531,18.425415
1,38971467,0.007621,-0.009547,0.998586,15.331491
2,38971486,0.000395,1.013312,-0.029117,17.541437
0,38971505,0.013750,0.011004,0.997496,18.425415
1,38971722,0.007617,-0.009555,0.998629,15.662984
2,38971741,0.000406,1.013316,-0.029121,17.320442
0,38971760,0.013742,0.010996,0.997465,18.425415
1,38971977,0.007617,-0.009551,0.998609,15.441989
2,38971996,0.000395,1.013289,-0.029152,17.320442
0,38972015,0.013746,0.011012,0.997488,18.425415
1,38972232,0.007629,-0.009547,0.998613,15.552486
2,38972251,0.000363,1.013301,-0.029133,17.430939
0,38972270,0.013750,0.011004,0.997520,18.425415
1,38972487,0.007641,-0.009543,0.998594,15.331491
2,38972506,0.000348,1.013336,-0.029160,17.430939
0,38972525,0.013750,0.011023,0.997484,18.425415
1,38972742,0.007629,-0.009535,0.998617,15.331491
2,38972761,0.000375,1.013340,-0.029219,17.430939
0,38972780,0.013742,0.010977,0.997500,18.646408
1,38972997,0.007645,-0.009531,0.998605,15.552486
2,38973016,0.000379,1.013320,-0.029129,17.430939
0,38973035,0.013750,0.010953,0.997465,18.535912
1,38973252,0.007672,-0.009543,0.998641,15.552486
2,38973271,0.000383,1.013309,-0.029141,17.541437
0,38973290,0.013727,0.010977,0.997484,18.425415
1,38973507,0.007656,-0.009523,0.998578,15.331491
2,38973526,0.000375,1.013309,-0.029133,17.430939
0,38973545,0.013723,0.010996,0.997473,18.535912
