1,14863327,0.007637,-0.009520,0.998688,16.657459
2,14863379,0.000414,1.013359,-0.029176,18.867403
0,14863530,0.013770,0.011031,0.997504,19.972376
1,14863582,0.007652,-0.009508,0.998715,16.657459
2,14863634,0.000402,1.013375,-0.029172,18.756907
0,14863785,0.013797,0.010992,0.997496,19.861879
1,14863837,0.007652,-0.009512,0.998684,16.657459
2,14863889,0.000406,1.013383,-0.029141,18.646408
0,14864040,0.013777,0.011008,0.997469,19.751381
1,14864092,0.007652,-0.009523,0.998680,16.657459
2,14864144,0.000387,1.013359,-0.029188,18.535912
0,14864295,0.013750,0.010992,0.997422,19.861879
1,14864347,0.007664,-0.009500,0.998648,16.657459
2,14864399,0.000422,1.013332,-0.029211,18.756907
0,14864550,0.013754,0.010984,0.997453,19.751381
1,14864602,0.007668,-0.009512,0.998645,16.546961
2,14864654,0.000418,1.013355,-0.029195,18.646408
0,14864805,0.013801,0.011008,0.997520,19.861879
1,14864857,0.007641,-0.009520,0.998680,16.657459
2,14864909,0.000395,1.013355,-0.029156,18.867403
0,14865060,0.013785,0.011004,0.997453,19.751381
1,14865112,0.007645,-0.009516,0.998680,16.657459
2,14865164,0.000441,1.013383,-0.029176,18.756907
0,14865315,0.013754,0.011008,0.997434,19.640884
1,14865400,0.007641,-0.009527,0.998656,16.878452
2,14865419,0.000414,1.013391,-0.029176,18.756907
0,14865570,0.013754,0.011008,0.997465,19.861879
1,14865655,0.007668,-0.009527,0.998660,16.657459
2,14865674,0.000422,1.013359,-0.029156,18.756907
0,14865825,0.013754,0.011027,0.997480,19.640884
1,14865910,0.007656,-0.009508,0.998645,16.657459
2,14865929,0.000418,1.013379,-0.029125,18.756907
0,14866080,0.013785,0.011000,0.997484,19.861879
1,14866165,0.007633,-0.009539,0.998621,16.657459
2,14866184,0.000426,1.013379,-0.029188,18.756907
0,14866335,0.013781,0.011000,0.997500,19.640884
1,14866420,0.007672,-0.009547,0.998676,16.657459
2,14866439,0.000398,1.013367,-0.029199,18.756907
0,14866590,0.013773,0.010996,0.997488,19.751381
1,14866675,0.007656,-0.009516,0.998648,16.657459
2,14866694,0.000398,1.013371,-0.029160,18.756907
0,14866845,0.013766,0.010992,0.997477,19.751381
1,14866930,0.007664,-0.009512,0.998676,16.767956
2,14866949,0.000402,1.013391,-0.029168,18.535912
0,14867100,0.013789,0.010992,0.997473,19.640884
1,14867185,0.007672,-0.009512,0.998629,16.657459
2,14867204,0.000410,1.013391,-0.029160,18.646408
0,14867355,0.013766,0.011008,0.997520,19.751381
1,14867440,0.007672,-0.009523,0.998652,16.657459
2,14867459,0.000453,1.013410,-0.029180,18.756907
0,14867610,0.013758,0.010980,0.997492,19.861879
1,14867695,0.007680,-0.009539,0.998625,16.657459
2,14867714,0.000422,1.013352,-0.029152,18.646408
0,14867865,0.013762,0.010992,0.997461,19.972376
1,14867950,0.007648,-0.009523,0.998625,16.657459
2,14867969,0.000410,1.013328,-0.029156,18.756907
0,14868120,0.013754,0.010984,0.997480,19.751381
1,14868205,0.007652,-0.009508,0.998668,16.546961
2,14868224,0.000398,1.013375,-0.029141,18.756907
0,14868375,0.013801,0.011004,0.997488,19.751381
