0,97377624,0.013719,0.010977,0.997516,16.767956
2,97377654,0.000324,1.013254,-0.029141,15.662984
1,97377684,0.007598,-0.009539,0.998547,13.674033
0,97377879,0.013676,0.010977,0.997520,16.657459
2,97377909,0.000328,1.013262,-0.029117,15.773480
1,97377939,0.007609,-0.009531,0.998535,13.563536
0,97378134,0.013684,0.010973,0.997520,16.767956
2,97378164,0.000328,1.013262,-0.029141,15.552486
1,97378194,0.007605,-0.009547,0.998590,13.674033
0,97378389,0.013687,0.011000,0.997516,16.767956
2,97378419,0.000367,1.013270,-0.029133,15.662984
1,97378449,0.007594,-0.009543,0.998598,13.674033
0,97378644,0.013676,0.010980,0.997480,16.657459
2,97378674,0.000348,1.013266,-0.029102,15.773480
1,97378704,0.007578,-0.009535,0.998590,13.563536
0,97378899,0.013687,0.010969,0.997516,16.657459
2,97378929,0.000336,1.013289,-0.029098,15.662984
1,97378959,0.007598,-0.009562,0.998664,13.674033
0,97379154,0.013691,0.010973,0.997512,16.546961
2,97379184,0.000352,1.013312,-0.029109,15.662984
1,97379214,0.007590,-0.009555,0.998621,13.784531
0,97379409,0.013687,0.010953,0.997496,16.657459
2,97379439,0.000344,1.013266,-0.029121,15.662984
1,97379469,0.007625,-0.009559,0.998582,13.674033
0,97379664,0.013684,0.010973,0.997477,16.988951
2,97379694,0.000336,1.013273,-0.029125,15.773480
1,97379724,0.007621,-0.009562,0.998648,13.674033
0,97379919,0.013695,0.011004,0.997535,16.657459
2,97379949,0.000367,1.013285,-0.029125,15.773480
1,97379979,0.007625,-0.009523,0.998625,13.453038
0,97380174,0.013703,0.010977,0.997488,16.657459
2,97380204,0.000344,1.013266,-0.029129,15.552486
1,97380234,0.007629,-0.009555,0.998590,13.674033
0,97380429,0.013691,0.010980,0.997469,16.657459
2,97380459,0.000363,1.013266,-0.029133,15.773480
1,97380489,0.007617,-0.009562,0.998582,13.563536
0,97380684,0.013672,0.010980,0.997539,16.657459
2,97380714,0.000340,1.013270,-0.029156,15.662984
1,97380744,0.007633,-0.009535,0.998543,13.784531
0,97380939,0.013695,0.010992,0.997523,16.878452
2,97380969,0.000336,1.013266,-0.029160,15.773480
1,97380999,0.007602,-0.009516,0.998594,13.563536
0,97381194,0.013676,0.010980,0.997523,16.878452
2,97381224,0.000340,1.013281,-0.029109,15.552486
1,97381254,0.007586,-0.009551,0.998633,13.563536
0,97381449,0.013680,0.010992,0.997602,16.657459
2,97381479,0.000320,1.013262,-0.029125,15.662984
1,97381509,0.007590,-0.009562,0.998637,13.674033
0,97381704,0.013699,0.010969,0.997551,16.657459
2,97381734,0.000340,1.013285,-0.029152,15.552486
1,97381764,0.007609,-0.009535,0.998641,13.563536
0,97381959,0.013711,0.010973,0.997523,16.657459
2,97381989,0.000367,1.013285,-0.029121,15.441989
1,97382019,0.007637,-0.009539,0.998586,13.563536
0,97382214,0.013664,0.010980,0.997535,16.767956
2,97382244,0.000359,1.013270,-0.029137,15.552486
1,97382274,0.007594,-0.009547,0.998582,13.674033
0,97382469,0.013684,0.010965,0.997512,16.546961
2,97382499,0.000352,1.013270,-0.029141,15.773480
1,97382529,0.007609,-0.009531,0.998563,13.895027
