2,47312563,0.000352,1.013309,-0.029109,17.209946
1,47312659,0.007633,-0.009531,0.998602,15.110497
0,47312722,0.013695,0.010992,0.997473,17.983425
2,47312818,0.000352,1.013312,-0.029160,17.099447
1,47312914,0.007656,-0.009551,0.998617,14.889503
0,47312977,0.013711,0.010996,0.997484,18.425415
2,47313073,0.000352,1.013293,-0.029195,16.878452
1,47313169,0.007676,-0.009527,0.998641,15.220995
0,47313232,0.013719,0.010980,0.997449,18.314917
2,47313328,0.000383,1.013293,-0.029184,16.878452
1,47313424,0.007633,-0.009539,0.998641,15.110497
0,47313487,0.013719,0.010973,0.997488,18.314917
2,47313583,0.000363,1.013309,-0.029180,16.988951
1,47313679,0.007621,-0.009520,0.998652,15.000000
0,47313742,0.013684,0.010969,0.997512,17.983425
2,47313838,0.000359,1.013305,-0.029152,16.878452
1,47313934,0.007641,-0.009523,0.998594,15.110497
0,47313997,0.013695,0.011012,0.997484,18.093924
2,47314093,0.000383,1.013281,-0.029172,16.988951
1,47314189,0.007637,-0.009520,0.998609,15.220995
0,47314252,0.013703,0.010969,0.997531,17.872929
2,47314348,0.000367,1.013328,-0.029125,17.099447
1,47314444,0.007633,-0.009512,0.998598,15.110497
0,47314507,0.013652,0.010988,0.997496,18.425415
2,47314603,0.000375,1.013293,-0.029168,16.988951
1,47314699,0.007652,-0.009527,0.998621,15.220995
0,47314762,0.013691,0.010984,0.997480,17.983425
2,47314858,0.000363,1.013297,-0.029117,16.988951
1,47314954,0.007645,-0.009543,0.998641,15.110497
0,47315017,0.013711,0.011008,0.997516,18.093924
2,47315113,0.000355,1.013301,-0.029133,16.988951
1,47315209,0.007645,-0.009523,0.998613,15.110497
0,47315272,0.013687,0.010984,0.997488,17.983425
2,47315368,0.000359,1.013305,-0.029156,16.988951
1,47315497,0.007648,-0.009500,0.998645,14.889503
0,47315527,0.013711,0.011000,0.997500,18.093924
2,47315623,0.000344,1.013305,-0.029129,16.988951
1,47315752,0.007656,-0.009543,0.998633,15.000000
0,47315782,0.013715,0.010969,0.997480,18.314917
2,47315878,0.000379,1.013297,-0.029113,16.988951
1,47316007,0.007633,-0.009527,0.998605,15.000000
0,47316037,0.013715,0.010980,0.997500,17.983425
2,47316133,0.000359,1.013340,-0.029156,17.099447
1,47316262,0.007645,-0.009551,0.998590,14.889503
0,47316292,0.013719,0.010984,0.997531,18.093924
2,47316388,0.000352,1.013277,-0.029180,17.099447
1,47316517,0.007617,-0.009535,0.998629,15.220995
0,47316547,0.013715,0.010988,0.997512,18.314917
2,47316643,0.000363,1.013309,-0.029160,17.099447
1,47316772,0.007645,-0.009520,0.998590,15.000000
0,47316802,0.013738,0.011000,0.997500,18.093924
2,47316898,0.000348,1.013273,-0.029152,16.988951
1,47317027,0.007648,-0.009516,0.998609,15.000000
0,47317057,0.013707,0.010992,0.997512,18.093924
2,47317153,0.000336,1.013301,-0.029160,16.988951
1,47317282,0.007633,-0.009527,0.998613,15.000000
0,47317312,0.013660,0.010984,0.997535,18.204420
2,47317408,0.000359,1.013324,-0.029125,17.099447
1,47317537,0.007645,-0.009512,0.998605,15.110497
0,47317567,0.013684,0.011016,0.997484,18.093924
