0,29697759,0.013742,0.011027,0.997484,19.088398
1,29697811,0.007652,-0.009527,0.998590,16.104973
2,29697896,0.000395,1.013344,-0.029102,17.872929
0,29698014,0.013723,0.011008,0.997461,19.198895
1,29698066,0.007617,-0.009539,0.998645,15.773480
2,29698151,0.000414,1.013348,-0.029121,17.872929
0,29698269,0.013742,0.010988,0.997477,18.977901
1,29698321,0.007621,-0.009543,0.998660,16.104973
2,29698406,0.000430,1.013340,-0.029125,17.872929
0,29698524,0.013762,0.011004,0.997508,18.977901
1,29698576,0.007656,-0.009555,0.998621,15.883978
2,29698661,0.000426,1.013359,-0.029125,17.872929
0,29698779,0.013734,0.011031,0.997484,18.867403
1,29698831,0.007645,-0.009566,0.998629,15.883978
2,29698916,0.000426,1.013371,-0.029141,17.872929
0,29699034,0.013719,0.010992,0.997523,19.198895
1,29699086,0.007664,-0.009547,0.998633,15.883978
2,29699171,0.000422,1.013363,-0.029152,17.872929
0,29699289,0.013738,0.010984,0.997512,19.088398
1,29699341,0.007656,-0.009504,0.998598,15.994475
2,29699426,0.000422,1.013340,-0.029156,17.983425
0,29699544,0.013730,0.010988,0.997484,19.198895
1,29699596,0.007656,-0.009527,0.998582,15.994475
2,29699681,0.000379,1.013344,-0.029102,17.983425
0,29699799,0.013723,0.010996,0.997504,19.198895
1,29699851,0.007652,-0.009543,0.998637,15.773480
2,29699936,0.000391,1.013332,-0.029164,17.983425
0,29700054,0.013742,0.011004,0.997473,19.088398
1,29700106,0.007641,-0.009512,0.998680,15.883978
2,29700191,0.000387,1.013336,-0.029156,17.872929
0,29700309,0.013754,0.011008,0.997457,19.088398
1,29700361,0.007637,-0.009527,0.998633,16.104973
2,29700446,0.000430,1.013363,-0.029188,17.762430
0,29700564,0.013766,0.010980,0.997469,19.088398
1,29700616,0.007652,-0.009535,0.998641,15.994475
2,29700701,0.000406,1.013336,-0.029160,17.872929
0,29700819,0.013758,0.011012,0.997512,18.977901
1,29700871,0.007648,-0.009539,0.998633,16.104973
2,29700956,0.000402,1.013320,-0.029145,17.872929
0,29701074,0.013719,0.010988,0.997473,18.977901
1,29701126,0.007672,-0.009555,0.998660,15.883978
2,29701211,0.000383,1.013363,-0.029125,17.872929
0,29701329,0.013711,0.010992,0.997461,18.867403
1,29701381,0.007641,-0.009523,0.998629,15.883978
2,29701466,0.000395,1.013387,-0.029168,17.872929
0,29701584,0.013754,0.010996,0.997465,18.867403
1,29701636,0.007652,-0.009520,0.998613,15.994475
2,29701721,0.000395,1.013363,-0.029148,17.872929
0,29701839,0.013754,0.010988,0.997504,18.867403
1,29701891,0.007625,-0.009531,0.998625,15.883978
2,29701976,0.000418,1.013344,-0.029172,17.872929
0,29702094,0.013738,0.010992,0.997465,18.977901
1,29702146,0.007641,-0.009508,0.998660,15.883978
2,29702231,0.000406,1.013348,-0.029121,17.983425
0,29702349,0.013770,0.011012,0.997426,19.088398
1,29702401,0.007652,-0.009520,0.998629,15.883978
2,29702486,0.000426,1.013336,-0.029168,17.872929
0,29702604,0.013746,0.010996,0.997457,18.867403
1,29702656,0.007621,-0.009551,0.998590,16.104973
2,29702741,0.000406,1.013352,-0.029141,17.872929
