0,71417904,0.013699,0.011000,0.997586,17.541437
2,71417934,0.000379,1.013281,-0.029164,16.436464
1,71418063,0.007648,-0.009523,0.998602,14.558011
0,71418159,0.013703,0.010996,0.997563,17.541437
2,71418189,0.000352,1.013270,-0.029211,16.436464
1,71418318,0.007637,-0.009527,0.998602,14.447514
0,71418414,0.013723,0.010996,0.997559,17.430939
2,71418444,0.000352,1.013289,-0.029191,16.436464
1,71418573,0.007625,-0.009527,0.998613,14.447514
0,71418669,0.013734,0.010996,0.997586,17.430939
2,71418699,0.000375,1.013309,-0.029129,16.546961
1,71418828,0.007625,-0.009527,0.998594,14.337016
0,71418924,0.013695,0.010984,0.997531,17.541437
2,71418987,0.000383,1.013309,-0.029145,16.436464
1,71419083,0.007629,-0.009516,0.998582,14.337016
0,71419179,0.013691,0.011004,0.997539,17.541437
2,71419242,0.000375,1.013270,-0.029102,16.546961
1,71419338,0.007613,-0.009551,0.998617,14.337016
0,71419434,0.013695,0.010988,0.997496,17.430939
2,71419497,0.000363,1.013281,-0.029156,16.325968
1,71419593,0.007652,-0.009547,0.998586,14.337016
0,71419689,0.013707,0.010980,0.997539,17.541437
2,71419752,0.000352,1.013301,-0.029113,16.436464
1,71419848,0.007633,-0.009547,0.998586,14.558011
0,71419944,0.013707,0.010961,0.997531,17.541437
2,71420007,0.000355,1.013273,-0.029156,16.546961
1,71420103,0.007637,-0.009535,0.998621,14.447514
0,71420199,0.013699,0.010977,0.997516,17.651934
2,71420262,0.000355,1.013273,-0.029172,16.436464
1,71420358,0.007676,-0.009543,0.998621,14.779005
0,71420454,0.013684,0.010980,0.997512,17.430939
2,71420517,0.000359,1.013258,-0.029160,16.546961
1,71420613,0.007629,-0.009559,0.998613,14.337016
0,71420709,0.013676,0.010992,0.997520,17.209946
2,71420772,0.000359,1.013273,-0.029195,16.215469
1,71420868,0.007645,-0.009562,0.998621,14.779005
0,71420964,0.013691,0.011000,0.997531,17.541437
2,71421027,0.000348,1.013277,-0.029207,16.215469
1,71421123,0.007625,-0.009539,0.998633,14.447514
0,71421219,0.013664,0.011004,0.997523,17.651934
2,71421282,0.000348,1.013270,-0.029172,16.436464
1,71421378,0.007664,-0.009516,0.998605,14.337016
0,71421474,0.013699,0.010996,0.997539,17.541437
2,71421537,0.000379,1.013289,-0.029125,16.215469
1,71421633,0.007641,-0.009547,0.998625,14.337016
0,71421729,0.013711,0.010992,0.997527,17.651934
2,71421792,0.000344,1.013297,-0.029156,16.546961
1,71421888,0.007633,-0.009527,0.998605,14.226520
0,71421984,0.013703,0.010996,0.997508,17.430939
2,71422047,0.000344,1.013270,-0.029133,16.546961
1,71422143,0.007660,-0.009527,0.998645,14.337016
0,71422239,0.013711,0.011000,0.997512,17.541437
2,71422302,0.000363,1.013277,-0.029195,16.546961
1,71422398,0.007664,-0.009551,0.998609,14.337016
0,71422494,0.013711,0.011000,0.997535,17.541437
2,71422557,0.000359,1.013277,-0.029176,16.436464
1,71422653,0.007648,-0.009559,0.998605,14.337016
0,71422749,0.013707,0.010988,0.997516,17.541437
2,71422812,0.000359,1.013266,-0.029156,16.436464
1,71422908,0.007629,-0.009535,0.998590,14.337016
