1,89959964,0.007617,-0.009520,0.998625,13.563536
2,89959983,0.000320,1.013223,-0.029160,15.331491
0,89960002,0.013676,0.011008,0.997492,16.546961
1,89960219,0.007629,-0.009543,0.998648,13.342542
2,89960238,0.000312,1.013227,-0.029188,15.220995
0,89960257,0.013648,0.010988,0.997500,16.325968
1,89960474,0.007609,-0.009531,0.998621,13.342542
2,89960493,0.000320,1.013246,-0.029145,15.220995
0,89960512,0.013648,0.010988,0.997500,16.436464
0,89960718,0.013652,0.010984,0.997473,16.436464
1,89960737,0.007625,-0.009523,0.998590,13.342542
2,89960756,0.000332,1.013270,-0.029188,15.441989
0,89960973,0.013660,0.010977,0.997461,16.325968
1,89960992,0.007605,-0.009508,0.998629,13.342542
2,89961011,0.000332,1.013246,-0.029211,15.220995
0,89961228,0.013691,0.010996,0.997516,16.436464
1,89961247,0.007594,-0.009535,0.998625,13.342542
2,89961266,0.000301,1.013270,-0.029199,15.220995
0,89961483,0.013719,0.010973,0.997520,16.436464
1,89961502,0.007617,-0.009559,0.998621,13.342542
2,89961521,0.000285,1.013262,-0.029164,15.220995
0,89961738,0.013703,0.010977,0.997484,16.546961
1,89961757,0.007613,-0.009520,0.998582,13.342542
2,89961776,0.000328,1.013238,-0.029168,15.331491
0,89961993,0.013691,0.010992,0.997504,16.546961
1,89962012,0.007629,-0.009523,0.998605,13.232044
2,89962031,0.000324,1.013219,-0.029137,15.331491
0,89962248,0.013707,0.010965,0.997543,16.215469
1,89962267,0.007613,-0.009539,0.998605,13.453038
2,89962286,0.000328,1.013238,-0.029148,15.220995
0,89962503,0.013672,0.010969,0.997523,16.325968
1,89962522,0.007613,-0.009535,0.998582,13.342542
2,89962541,0.000332,1.013258,-0.029168,15.220995
0,89962758,0.013691,0.010977,0.997500,16.546961
1,89962777,0.007605,-0.009543,0.998625,13.453038
2,89962796,0.000301,1.013254,-0.029176,15.220995
0,89963013,0.013695,0.010965,0.997520,16.436464
1,89963032,0.007617,-0.009535,0.998629,13.121547
2,89963051,0.000309,1.013234,-0.029172,15.220995
0,89963268,0.013691,0.010988,0.997504,16.546961
1,89963287,0.007637,-0.009551,0.998617,13.342542
2,89963306,0.000332,1.013219,-0.029141,15.220995
0,89963523,0.013703,0.010996,0.997504,16.325968
1,89963542,0.007609,-0.009520,0.998629,13.342542
2,89963561,0.000340,1.013238,-0.029137,15.331491
0,89963778,0.013664,0.010945,0.997480,16.436464
1,89963797,0.007602,-0.009547,0.998586,13.121547
2,89963816,0.000391,1.013254,-0.029137,15.220995
0,89964033,0.013680,0.010996,0.997512,16.436464
1,89964052,0.007621,-0.009562,0.998590,13.342542
2,89964071,0.000332,1.013254,-0.029148,15.220995
0,89964288,0.013660,0.010977,0.997531,16.436464
1,89964307,0.007594,-0.009547,0.998609,13.232044
2,89964326,0.000340,1.013234,-0.029129,15.441989
0,89964543,0.013664,0.010957,0.997559,16.436464
1,89964562,0.007629,-0.009531,0.998617,13.342542
2,89964581,0.000324,1.013270,-0.029137,15.220995
0,89964798,0.013668,0.010988,0.997539,16.215469
1,89964817,0.007609,-0.009555,0.998602,13.342542
2,89964836,0.000352,1.013246,-0.029109,15.331491
