1,57511640,0.007633,-0.009543,0.998613,14.558011
0,57511670,0.013684,0.011016,0.997477,17.762430
2,57511700,0.000379,1.013277,-0.029145,16.657459
1,57511895,0.007617,-0.009578,0.998605,14.558011
0,57511925,0.013711,0.010984,0.997441,17.651934
2,57511955,0.000363,1.013309,-0.029117,16.546961
1,57512150,0.007637,-0.009527,0.998582,14.558011
0,57512180,0.013687,0.011023,0.997477,17.762430
2,57512210,0.000344,1.013312,-0.029141,16.546961
1,57512405,0.007648,-0.009547,0.998578,14.889503
0,57512435,0.013699,0.010980,0.997492,17.541437
2,57512465,0.000363,1.013297,-0.029168,16.436464
1,57512660,0.007660,-0.009520,0.998621,14.668509
0,57512690,0.013703,0.010992,0.997445,17.651934
2,57512720,0.000332,1.013312,-0.029160,16.546961
1,57512915,0.007645,-0.009551,0.998633,14.668509
0,57512945,0.013715,0.010996,0.997484,17.651934
2,57512975,0.000340,1.013281,-0.029168,16.878452
1,57513170,0.007621,-0.009566,0.998543,14.668509
0,57513200,0.013711,0.010980,0.997437,17.762430
2,57513230,0.000340,1.013285,-0.029176,16.657459
1,57513425,0.007645,-0.009539,0.998594,14.779005
0,57513455,0.013719,0.010996,0.997488,17.762430
2,57513485,0.000383,1.013281,-0.029180,16.657459
1,57513680,0.007641,-0.009551,0.998656,14.558011
0,57513710,0.013719,0.010988,0.997492,17.651934
2,57513740,0.000395,1.013285,-0.029129,16.546961
1,57513935,0.007625,-0.009566,0.998609,14.889503
0,57513965,0.013703,0.010996,0.997500,17.872929
2,57513995,0.000363,1.013285,-0.029145,16.657459
1,57514190,0.007633,-0.009535,0.998621,14.779005
0,57514220,0.013684,0.010992,0.997512,17.651934
2,57514250,0.000355,1.013285,-0.029148,16.546961
1,57514445,0.007617,-0.009547,0.998613,14.779005
0,57514475,0.013684,0.010969,0.997496,17.762430
2,57514505,0.000352,1.013305,-0.029117,16.546961
1,57514700,0.007613,-0.009551,0.998629,14.447514
0,57514730,0.013715,0.010988,0.997484,17.872929
2,57514760,0.000348,1.013309,-0.029180,16.546961
1,57514955,0.007680,-0.009551,0.998633,14.779005
0,57514985,0.013687,0.011008,0.997484,17.651934
2,57515015,0.000359,1.013324,-0.029129,16.546961
1,57515210,0.007656,-0.009543,0.998594,14.668509
0,57515240,0.013676,0.011000,0.997523,17.651934
2,57515270,0.000355,1.013301,-0.029145,16.657459
1,57515465,0.007652,-0.009547,0.998609,14.779005
0,57515495,0.013687,0.011004,0.997523,17.762430
2,57515525,0.000359,1.013273,-0.029160,16.657459
0,57515709,0.013707,0.011000,0.997523,17.651934
1,57515728,0.007652,-0.009512,0.998594,14.447514
2,57515780,0.000371,1.013301,-0.029137,16.657459
0,57515964,0.013723,0.010977,0.997492,17.762430
1,57515983,0.007641,-0.009496,0.998605,14.558011
2,57516035,0.000375,1.013324,-0.029164,16.657459
0,57516219,0.013691,0.011008,0.997484,17.762430
1,57516238,0.007641,-0.009520,0.998574,14.558011
2,57516290,0.000371,1.013305,-0.029133,16.657459
0,57516474,0.013687,0.010992,0.997445,17.872929
1,57516493,0.007645,-0.009559,0.998555,14.668509
2,57516545,0.000348,1.013309,-0.029117,16.436464
