0,92741132,0.013684,0.010988,0.997520,16.657459
2,92741261,0.000332,1.013254,-0.029141,15.552486
1,92741291,0.007621,-0.009535,0.998633,13.453038
0,92741387,0.013660,0.011012,0.997492,16.657459
2,92741516,0.000312,1.013258,-0.029125,15.662984
1,92741546,0.007609,-0.009543,0.998621,13.563536
0,92741642,0.013668,0.011008,0.997508,16.657459
2,92741771,0.000340,1.013254,-0.029141,15.331491
1,92741801,0.007629,-0.009559,0.998605,13.674033
0,92741897,0.013711,0.010988,0.997504,16.546961
2,92742026,0.000340,1.013250,-0.029137,15.552486
1,92742056,0.007621,-0.009562,0.998637,13.563536
0,92742152,0.013691,0.010996,0.997500,16.546961
2,92742281,0.000324,1.013270,-0.029156,15.552486
1,92742311,0.007598,-0.009551,0.998617,13.453038
0,92742407,0.013656,0.010984,0.997523,16.657459
2,92742536,0.000297,1.013270,-0.029133,15.331491
1,92742566,0.007594,-0.009570,0.998621,13.453038
0,92742662,0.013687,0.010973,0.997527,16.657459
2,92742791,0.000305,1.013254,-0.029109,15.552486
1,92742821,0.007609,-0.009543,0.998602,13.563536
0,92742917,0.013645,0.011020,0.997461,16.657459
2,92743046,0.000332,1.013270,-0.029113,15.552486
1,92743076,0.007613,-0.009531,0.998652,13.563536
0,92743172,0.013695,0.010977,0.997488,16.657459
2,92743301,0.000359,1.013258,-0.029113,15.773480
1,92743331,0.007602,-0.009516,0.998621,13.453038
0,92743427,0.013676,0.010969,0.997527,16.657459
2,92743556,0.000328,1.013277,-0.029145,15.552486
1,92743586,0.007609,-0.009543,0.998656,13.342542
0,92743682,0.013687,0.010957,0.997508,16.657459
2,92743811,0.000309,1.013281,-0.029152,15.552486
1,92743841,0.007633,-0.009566,0.998617,13.563536
0,92743937,0.013703,0.010984,0.997535,16.657459
2,92744066,0.000320,1.013270,-0.029125,15.552486
1,92744096,0.007621,-0.009555,0.998621,13.453038
0,92744192,0.013687,0.011000,0.997469,16.546961
2,92744321,0.000332,1.013262,-0.029164,15.662984
1,92744351,0.007641,-0.009551,0.998617,13.453038
0,92744447,0.013684,0.010980,0.997477,16.546961
2,92744576,0.000309,1.013277,-0.029133,15.552486
1,92744606,0.007637,-0.009531,0.998609,13.453038
0,92744702,0.013652,0.010992,0.997512,16.546961
2,92744831,0.000277,1.013297,-0.029117,15.662984
1,92744861,0.007617,-0.009527,0.998594,13.563536
0,92744957,0.013664,0.010977,0.997555,16.546961
2,92745086,0.000309,1.013266,-0.029125,15.552486
1,92745116,0.007621,-0.009555,0.998621,13.453038
0,92745212,0.013672,0.011004,0.997523,16.546961
2,92745341,0.000332,1.013273,-0.029133,15.552486
1,92745371,0.007633,-0.009551,0.998609,13.453038
0,92745467,0.013691,0.010996,0.997559,16.546961
2,92745596,0.000324,1.013285,-0.029129,15.552486
1,92745626,0.007621,-0.009527,0.998645,13.453038
0,92745722,0.013680,0.010980,0.997527,16.657459
1,92745873,0.007617,-0.009535,0.998637,13.453038
2,92745892,0.000336,1.013254,-0.029078,15.773480
0,92745977,0.013691,0.011000,0.997500,16.657459
1,92746128,0.007602,-0.009539,0.998613,13.453038
