1,75126352,0.007617,-0.009559,0.998570,13.232044
2,75126371,0.000363,1.013246,-0.029199,15.110497
0,75126522,0.013648,0.010977,0.997414,16.546961
1,75126607,0.007633,-0.009527,0.998551,13.121547
2,75126626,0.000348,1.013230,-0.029191,15.220995
0,75126777,0.013660,0.010977,0.997391,16.325968
1,75126862,0.007613,-0.009527,0.998547,13.342542
2,75126881,0.000324,1.013227,-0.029191,15.331491
0,75127032,0.013691,0.010973,0.997461,16.215469
1,75127117,0.007590,-0.009566,0.998539,13.121547
2,75127136,0.000332,1.013227,-0.029191,15.220995
0,75127287,0.013656,0.010977,0.997457,16.436464
1,75127372,0.007605,-0.009574,0.998508,13.453038
2,75127391,0.000352,1.013250,-0.029172,15.331491
0,75127542,0.013680,0.010992,0.997465,16.325968
1,75127627,0.007633,-0.009543,0.998539,13.453038
2,75127646,0.000336,1.013250,-0.029207,15.441989
0,75127797,0.013691,0.010957,0.997457,16.436464
1,75127882,0.007648,-0.009547,0.998523,13.121547
2,75127901,0.000328,1.013242,-0.029223,15.000000
0,75128052,0.013664,0.010961,0.997453,16.436464
1,75128137,0.007629,-0.009574,0.998527,13.232044
2,75128156,0.000324,1.013242,-0.029191,15.220995
0,75128307,0.013672,0.010969,0.997395,16.325968
1,75128392,0.007641,-0.009547,0.998512,13.121547
2,75128411,0.000336,1.013246,-0.029164,15.220995
0,75128562,0.013703,0.010953,0.997453,16.436464
1,75128647,0.007637,-0.009547,0.998570,13.342542
2,75128666,0.000324,1.013234,-0.029242,15.220995
0,75128817,0.013687,0.010980,0.997480,16.436464
1,75128902,0.007645,-0.009539,0.998582,13.232044
2,75128921,0.000352,1.013211,-0.029211,15.220995
0,75129072,0.013695,0.010980,0.997434,16.436464
1,75129157,0.007625,-0.009555,0.998555,13.232044
2,75129176,0.000332,1.013246,-0.029246,15.000000
0,75129327,0.013707,0.010984,0.997473,16.215469
1,75129412,0.007641,-0.009594,0.998578,13.453038
2,75129431,0.000344,1.013262,-0.029199,15.220995
0,75129582,0.013664,0.010988,0.997465,16.215469
1,75129667,0.007641,-0.009555,0.998574,13.121547
2,75129686,0.000320,1.013273,-0.029211,15.220995
0,75129837,0.013676,0.010977,0.997457,16.215469
1,75129922,0.007625,-0.009570,0.998566,13.232044
2,75129941,0.000305,1.013258,-0.029234,15.331491
0,75130092,0.013672,0.010988,0.997449,16.325968
1,75130177,0.007625,-0.009566,0.998574,13.121547
2,75130196,0.000312,1.013242,-0.029230,15.220995
0,75130347,0.013664,0.010973,0.997434,16.436464
1,75130432,0.007664,-0.009551,0.998535,13.342542
2,75130451,0.000316,1.013219,-0.029215,15.331491
0,75130602,0.013660,0.010977,0.997430,16.215469
1,75130687,0.007656,-0.009531,0.998609,13.453038
2,75130706,0.000332,1.013254,-0.029215,15.220995
0,75130857,0.013680,0.010961,0.997445,16.436464
2,75130953,0.000305,1.013262,-0.029227,15.220995
1,75130983,0.007625,-0.009539,0.998566,13.342542
0,75131112,0.013660,0.010973,0.997461,16.215469
2,75131208,0.000324,1.013246,-0.029215,15.220995
1,75131238,0.007605,-0.009551,0.998527,13.342542
0,75131367,0.013687,0.010992,0.997445,16.546961
