0,27843673,0.013738,0.010996,0.997496,19.198895
1,27843692,0.007664,-0.009516,0.998652,16.104973
2,27843711,0.000410,1.013336,-0.029184,18.093924
0,27843928,0.013781,0.010988,0.997477,19.198895
1,27843947,0.007629,-0.009535,0.998648,15.994475
2,27843966,0.000398,1.013379,-0.029203,17.983425
0,27844183,0.013762,0.011047,0.997508,19.088398
1,27844202,0.007652,-0.009508,0.998684,16.104973
2,27844221,0.000398,1.013383,-0.029160,18.093924
0,27844438,0.013773,0.011008,0.997488,18.977901
1,27844457,0.007629,-0.009531,0.998645,15.883978
2,27844476,0.000379,1.013344,-0.029152,18.093924
0,27844693,0.013770,0.011012,0.997508,19.198895
1,27844712,0.007648,-0.009539,0.998609,15.994475
2,27844731,0.000430,1.013344,-0.029172,17.983425
0,27844948,0.013730,0.011008,0.997477,19.088398
1,27844967,0.007641,-0.009543,0.998602,16.104973
2,27844986,0.000418,1.013375,-0.029176,17.872929
0,27845203,0.013742,0.011000,0.997477,19.198895
1,27845222,0.007625,-0.009531,0.998645,16.104973
2,27845241,0.000406,1.013363,-0.029133,17.983425
0,27845458,0.013758,0.011000,0.997492,19.198895
1,27845477,0.007637,-0.009539,0.998656,16.104973
2,27845496,0.000410,1.013363,-0.029129,17.983425
0,27845713,0.013738,0.011020,0.997520,19.309393
1,27845732,0.007652,-0.009547,0.998609,16.104973
2,27845751,0.000406,1.013363,-0.029133,17.983425
0,27845968,0.013715,0.011039,0.997469,19.198895
1,27845987,0.007629,-0.009504,0.998621,15.773480
2,27846006,0.000418,1.013355,-0.029117,17.872929
0,27846223,0.013738,0.011023,0.997508,19.309393
1,27846242,0.007641,-0.009527,0.998629,15.994475
2,27846261,0.000398,1.013355,-0.029164,17.872929
0,27846478,0.013746,0.011000,0.997488,19.088398
1,27846497,0.007645,-0.009539,0.998602,16.104973
2,27846516,0.000375,1.013371,-0.029156,18.204420
0,27846733,0.013762,0.010988,0.997480,19.198895
1,27846752,0.007645,-0.009539,0.998598,15.883978
2,27846771,0.000426,1.013355,-0.029180,17.762430
0,27846988,0.013723,0.011004,0.997453,18.867403
1,27847007,0.007645,-0.009527,0.998629,15.773480
2,27847026,0.000430,1.013367,-0.029188,17.983425
0,27847243,0.013734,0.010996,0.997500,19.088398
1,27847262,0.007637,-0.009531,0.998641,15.883978
2,27847281,0.000434,1.013348,-0.029176,17.983425
0,27847498,0.013719,0.011020,0.997527,19.198895
1,27847517,0.007652,-0.009523,0.998707,16.104973
2,27847536,0.000418,1.013371,-0.029152,17.983425
0,27847753,0.013746,0.011020,0.997512,19.198895
1,27847772,0.007664,-0.009523,0.998645,15.994475
2,27847791,0.000375,1.013344,-0.029156,17.983425
0,27848008,0.013750,0.011035,0.997527,19.088398
1,27848027,0.007629,-0.009523,0.998645,15.994475
2,27848046,0.000387,1.013324,-0.029164,17.983425
0,27848263,0.013770,0.010996,0.997469,19.088398
1,27848282,0.007652,-0.009543,0.998586,15.883978
2,27848301,0.000406,1.013344,-0.029172,17.983425
0,27848518,0.013738,0.010984,0.997480,19.198895
1,27848537,0.007660,-0.009547,0.998668,15.994475
2,27848556,0.000387,1.013371,-0.029137,17.983425
