1,74199193,0.007621,-0.009582,0.998555,13.563536
0,74199223,0.013687,0.010992,0.997434,16.767956
2,74199418,0.000355,1.013254,-0.029230,15.441989
1,74199448,0.007625,-0.009555,0.998586,13.563536
0,74199478,0.013680,0.010988,0.997457,16.657459
2,74199673,0.000328,1.013258,-0.029184,15.662984
1,74199703,0.007648,-0.009551,0.998555,13.563536
0,74199733,0.013687,0.010980,0.997465,16.657459
2,74199928,0.000316,1.013250,-0.029160,15.552486
1,74199958,0.007617,-0.009555,0.998555,13.453038
0,74199988,0.013695,0.010988,0.997473,16.767956
2,74200183,0.000328,1.013273,-0.029184,15.552486
1,74200213,0.007637,-0.009570,0.998520,13.453038
0,74200243,0.013684,0.010992,0.997496,16.657459
2,74200438,0.000332,1.013246,-0.029203,15.662984
1,74200468,0.007641,-0.009543,0.998559,13.563536
0,74200498,0.013668,0.010992,0.997445,16.657459
2,74200693,0.000340,1.013254,-0.029207,15.662984
1,74200723,0.007652,-0.009547,0.998555,13.563536
0,74200753,0.013672,0.010996,0.997461,16.546961
2,74200948,0.000344,1.013242,-0.029207,15.773480
1,74200978,0.007641,-0.009559,0.998551,13.784531
0,74201008,0.013652,0.010988,0.997414,16.767956
2,74201203,0.000340,1.013219,-0.029199,15.552486
1,74201233,0.007648,-0.009570,0.998637,13.563536
0,74201263,0.013676,0.010984,0.997437,16.657459
2,74201458,0.000352,1.013254,-0.029219,15.331491
1,74201488,0.007660,-0.009582,0.998547,13.563536
0,74201518,0.013680,0.010992,0.997469,16.657459
2,74201713,0.000320,1.013258,-0.029195,15.662984
1,74201743,0.007633,-0.009551,0.998543,13.453038
0,74201773,0.013691,0.011012,0.997504,16.767956
2,74201968,0.000344,1.013277,-0.029219,15.552486
1,74201998,0.007633,-0.009574,0.998539,13.453038
0,74202028,0.013680,0.011023,0.997449,16.657459
2,74202223,0.000344,1.013266,-0.029234,15.552486
1,74202253,0.007648,-0.009547,0.998586,13.674033
0,74202283,0.013660,0.011012,0.997492,16.767956
2,74202478,0.000340,1.013266,-0.029215,15.441989
1,74202508,0.007617,-0.009562,0.998516,13.784531
0,74202538,0.013656,0.010988,0.997453,16.657459
2,74202733,0.000324,1.013258,-0.029195,15.662984
1,74202763,0.007621,-0.009590,0.998551,13.784531
0,74202793,0.013656,0.010969,0.997500,16.878452
2,74202988,0.000320,1.013254,-0.029188,15.662984
0,74203040,0.013687,0.010961,0.997457,16.767956
1,74203059,0.007629,-0.009543,0.998547,13.563536
2,74203243,0.000352,1.013270,-0.029156,15.552486
0,74203295,0.013699,0.010984,0.997484,16.657459
1,74203314,0.007633,-0.009543,0.998594,13.453038
2,74203498,0.000348,1.013262,-0.029168,15.441989
0,74203550,0.013672,0.011000,0.997480,16.657459
1,74203569,0.007609,-0.009566,0.998566,13.563536
2,74203753,0.000324,1.013266,-0.029184,15.662984
0,74203805,0.013703,0.011004,0.997457,16.657459
1,74203824,0.007605,-0.009562,0.998586,13.674033
2,74204008,0.000352,1.013250,-0.029207,15.552486
0,74204060,0.013699,0.010992,0.997488,16.657459
1,74204079,0.007621,-0.009570,0.998582,13.674033
2,74204263,0.000336,1.013262,-0.029199,15.552486
