1,69563845,0.007637,-0.009543,0.998594,14.558011
2,69563897,0.000363,1.013273,-0.029207,16.657459
0,69563916,0.013719,0.010961,0.997469,17.541437
1,69564100,0.007645,-0.009508,0.998621,14.447514
2,69564152,0.000352,1.013277,-0.029152,16.546961
0,69564171,0.013687,0.010969,0.997500,17.651934
1,69564355,0.007633,-0.009520,0.998613,14.558011
0,69564418,0.013715,0.010969,0.997477,17.541437
2,69564448,0.000355,1.013285,-0.029137,16.657459
1,69564610,0.007641,-0.009523,0.998598,14.558011
0,69564673,0.013699,0.011012,0.997520,17.541437
2,69564703,0.000340,1.013281,-0.029188,16.657459
1,69564865,0.007641,-0.009551,0.998633,14.779005
0,69564928,0.013691,0.010988,0.997520,17.541437
2,69564958,0.000348,1.013270,-0.029152,16.546961
1,69565120,0.007652,-0.009523,0.998590,14.558011
0,69565183,0.013676,0.010977,0.997555,17.651934
2,69565213,0.000359,1.013301,-0.029191,16.546961
1,69565375,0.007633,-0.009539,0.998660,14.447514
0,69565438,0.013707,0.010992,0.997477,17.541437
2,69565468,0.000344,1.013285,-0.029164,16.657459
1,69565630,0.007613,-0.009551,0.998609,14.447514
0,69565693,0.013691,0.010973,0.997512,17.541437
2,69565723,0.000383,1.013285,-0.029195,16.657459
1,69565885,0.007641,-0.009551,0.998617,14.558011
0,69565948,0.013684,0.010996,0.997504,17.651934
2,69565978,0.000348,1.013281,-0.029203,16.657459
1,69566140,0.007641,-0.009543,0.998625,14.337016
0,69566203,0.013687,0.010988,0.997492,17.541437
2,69566233,0.000348,1.013301,-0.029141,16.657459
1,69566395,0.007648,-0.009582,0.998621,14.668509
0,69566458,0.013687,0.010988,0.997496,17.651934
2,69566488,0.000391,1.013285,-0.029184,16.546961
1,69566650,0.007617,-0.009555,0.998598,14.558011
0,69566713,0.013668,0.011004,0.997469,17.651934
2,69566743,0.000387,1.013277,-0.029160,16.767956
1,69566905,0.007633,-0.009539,0.998598,14.447514
0,69566968,0.013660,0.011012,0.997504,17.651934
2,69566998,0.000367,1.013281,-0.029168,16.546961
1,69567160,0.007617,-0.009543,0.998648,14.779005
0,69567223,0.013684,0.011020,0.997520,17.651934
2,69567253,0.000395,1.013305,-0.029164,16.657459
1,69567415,0.007637,-0.009527,0.998609,14.558011
0,69567478,0.013672,0.011008,0.997434,17.651934
2,69567508,0.000355,1.013316,-0.029133,16.657459
1,69567670,0.007621,-0.009504,0.998625,14.447514
0,69567733,0.013703,0.011004,0.997473,17.872929
2,69567763,0.000363,1.013281,-0.029203,16.657459
1,69567925,0.007637,-0.009531,0.998594,14.558011
0,69567988,0.013684,0.011020,0.997488,17.541437
2,69568018,0.000367,1.013273,-0.029180,16.657459
1,69568180,0.007605,-0.009551,0.998609,14.558011
0,69568243,0.013668,0.011012,0.997512,17.541437
2,69568273,0.000328,1.013293,-0.029164,16.546961
1,69568435,0.007605,-0.009543,0.998586,14.558011
0,69568498,0.013699,0.010996,0.997496,17.430939
2,69568528,0.000340,1.013297,-0.029172,16.767956
1,69568690,0.007637,-0.009547,0.998609,14.558011
0,69568753,0.013699,0.010984,0.997492,17.541437
2,69568783,0.000344,1.013293,-0.029180,16.657459
