2,95523526,0.000324,1.013273,-0.029141,15.662984
0,95523545,0.013684,0.010984,0.997527,16.878452
1,95523597,0.007625,-0.009527,0.998613,13.784531
2,95523781,0.000309,1.013270,-0.029152,15.773480
0,95523800,0.013711,0.010980,0.997504,16.767956
1,95523852,0.007602,-0.009551,0.998609,13.563536
2,95524036,0.000340,1.013270,-0.029152,15.552486
0,95524055,0.013707,0.010988,0.997535,16.657459
1,95524107,0.007617,-0.009559,0.998613,13.674033
2,95524291,0.000332,1.013273,-0.029105,15.552486
0,95524310,0.013664,0.010988,0.997547,16.657459
1,95524362,0.007645,-0.009555,0.998660,13.563536
2,95524546,0.000344,1.013242,-0.029094,15.552486
0,95524565,0.013684,0.011000,0.997547,16.767956
1,95524617,0.007637,-0.009555,0.998602,13.563536
2,95524801,0.000324,1.013250,-0.029145,15.662984
0,95524820,0.013695,0.010996,0.997547,16.767956
1,95524872,0.007637,-0.009531,0.998629,13.563536
2,95525056,0.000352,1.013262,-0.029133,15.662984
0,95525075,0.013691,0.010996,0.997527,16.657459
1,95525127,0.007648,-0.009551,0.998605,13.784531
2,95525311,0.000344,1.013266,-0.029133,15.552486
0,95525330,0.013711,0.010988,0.997469,16.767956
1,95525382,0.007629,-0.009570,0.998559,13.895027
0,95525577,0.013691,0.010992,0.997504,16.657459
2,95525607,0.000348,1.013273,-0.029090,15.552486
1,95525637,0.007621,-0.009559,0.998566,13.563536
0,95525832,0.013684,0.010988,0.997512,16.657459
2,95525862,0.000312,1.013250,-0.029078,15.773480
1,95525892,0.007617,-0.009566,0.998574,13.674033
0,95526087,0.013676,0.011016,0.997488,16.878452
2,95526117,0.000344,1.013262,-0.029160,15.662984
1,95526147,0.007621,-0.009555,0.998586,13.563536
0,95526342,0.013687,0.010988,0.997520,16.657459
2,95526372,0.000328,1.013262,-0.029121,15.773480
1,95526402,0.007617,-0.009566,0.998637,13.784531
0,95526597,0.013691,0.010973,0.997516,16.657459
2,95526627,0.000328,1.013270,-0.029125,15.552486
1,95526657,0.007648,-0.009527,0.998609,13.674033
0,95526852,0.013676,0.011000,0.997531,16.878452
2,95526882,0.000312,1.013262,-0.029121,15.662984
1,95526912,0.007648,-0.009531,0.998570,13.784531
0,95527107,0.013672,0.010980,0.997559,16.546961
2,95527137,0.000305,1.013281,-0.029137,15.331491
1,95527167,0.007633,-0.009539,0.998563,13.563536
0,95527362,0.013672,0.010996,0.997563,16.657459
2,95527392,0.000328,1.013285,-0.029121,15.552486
1,95527422,0.007621,-0.009535,0.998602,13.563536
0,95527617,0.013707,0.010973,0.997531,16.657459
2,95527647,0.000332,1.013250,-0.029176,15.773480
1,95527677,0.007625,-0.009559,0.998637,13.784531
0,95527872,0.013672,0.010977,0.997574,16.657459
2,95527902,0.000328,1.013238,-0.029152,15.773480
1,95527932,0.007621,-0.009562,0.998590,13.674033
0,95528127,0.013668,0.010996,0.997535,16.657459
2,95528157,0.000344,1.013266,-0.029137,15.552486
1,95528187,0.007613,-0.009543,0.998613,13.784531
0,95528382,0.013680,0.011012,0.997539,16.657459
2,95528412,0.000344,1.013266,-0.029113,15.662984
