2,93668181,0.000328,1.013266,-0.029156,15.552486
0,93668200,0.013652,0.010980,0.997500,16.657459
1,93668219,0.007645,-0.009523,0.998598,13.563536
2,93668436,0.000316,1.013277,-0.029160,15.662984
0,93668455,0.013680,0.010965,0.997492,16.657459
1,93668474,0.007633,-0.009555,0.998633,13.563536
2,93668691,0.000324,1.013246,-0.029133,15.662984
0,93668710,0.013660,0.010984,0.997512,16.657459
1,93668729,0.007633,-0.009543,0.998633,13.563536
2,93668946,0.000312,1.013258,-0.029145,15.441989
0,93668965,0.013660,0.010953,0.997527,16.657459
1,93668984,0.007613,-0.009547,0.998629,13.674033
2,93669201,0.000312,1.013281,-0.029152,15.552486
0,93669220,0.013676,0.010980,0.997523,16.657459
1,93669239,0.007617,-0.009539,0.998602,13.563536
2,93669456,0.000293,1.013262,-0.029160,15.662984
0,93669475,0.013680,0.010977,0.997543,16.436464
1,93669494,0.007617,-0.009531,0.998602,13.453038
2,93669711,0.000285,1.013258,-0.029125,15.662984
0,93669730,0.013687,0.010992,0.997492,16.878452
1,93669749,0.007590,-0.009543,0.998625,13.563536
2,93669966,0.000312,1.013266,-0.029133,15.662984
0,93669985,0.013676,0.010984,0.997516,16.657459
1,93670004,0.007598,-0.009543,0.998574,13.453038
2,93670221,0.000332,1.013258,-0.029199,15.441989
0,93670240,0.013680,0.010984,0.997508,16.657459
1,93670259,0.007629,-0.009547,0.998625,13.453038
2,93670476,0.000316,1.013266,-0.029203,15.662984
0,93670495,0.013676,0.010984,0.997516,16.657459
1,93670514,0.007660,-0.009551,0.998629,13.453038
2,93670731,0.000344,1.013254,-0.029172,15.552486
0,93670750,0.013641,0.010969,0.997520,16.657459
1,93670769,0.007617,-0.009539,0.998617,13.563536
2,93670986,0.000352,1.013254,-0.029148,15.552486
0,93671005,0.013668,0.010988,0.997551,16.657459
1,93671024,0.007609,-0.009531,0.998559,13.453038
2,93671241,0.000316,1.013270,-0.029145,15.662984
0,93671260,0.013648,0.010977,0.997496,16.657459
1,93671279,0.007609,-0.009531,0.998590,13.453038
2,93671496,0.000324,1.013254,-0.029145,15.552486
0,93671515,0.013656,0.010988,0.997496,16.657459
1,93671534,0.007609,-0.009559,0.998590,13.563536
2,93671751,0.000340,1.013246,-0.029145,15.773480
0,93671770,0.013676,0.010984,0.997500,16.657459
1,93671789,0.007617,-0.009555,0.998598,13.453038
0,93672017,0.013660,0.011012,0.997465,16.657459
2,93672047,0.000320,1.013254,-0.029148,15.662984
1,93672077,0.007621,-0.009551,0.998613,13.563536
0,93672272,0.013664,0.010973,0.997512,16.657459
2,93672302,0.000316,1.013254,-0.029125,15.552486
1,93672332,0.007617,-0.009535,0.998621,13.453038
0,93672527,0.013664,0.010996,0.997520,16.657459
2,93672557,0.000324,1.013242,-0.029148,15.552486
1,93672587,0.007617,-0.009555,0.998602,13.563536
0,93672782,0.013672,0.010977,0.997531,16.657459
2,93672812,0.000344,1.013242,-0.029113,15.662984
1,93672842,0.007609,-0.009531,0.998613,13.563536
0,93673037,0.013656,0.010992,0.997523,16.657459
2,93673067,0.000344,1.013266,-0.029133,15.662984
1,93673097,0.007609,-0.009539,0.998559,13.784531
