1,18571607,0.007672,-0.009535,0.998668,16.657459
0,18571703,0.013766,0.011000,0.997484,19.751381
2,18571832,0.000465,1.013348,-0.029160,18.535912
1,18571862,0.007645,-0.009539,0.998629,16.657459
0,18571958,0.013785,0.010988,0.997469,19.861879
2,18572087,0.000457,1.013355,-0.029164,18.646408
1,18572117,0.007660,-0.009535,0.998648,16.436464
0,18572213,0.013785,0.010992,0.997484,19.751381
2,18572342,0.000410,1.013359,-0.029199,18.425415
1,18572372,0.007656,-0.009504,0.998637,16.546961
0,18572468,0.013770,0.011004,0.997437,19.640884
2,18572597,0.000391,1.013352,-0.029172,18.646408
1,18572627,0.007637,-0.009484,0.998598,16.546961
0,18572723,0.013750,0.010996,0.997480,19.751381
2,18572852,0.000430,1.013316,-0.029121,18.535912
1,18572882,0.007652,-0.009500,0.998621,16.546961
0,18572978,0.013766,0.011000,0.997469,19.640884
2,18573107,0.000434,1.013348,-0.029117,18.646408
1,18573137,0.007668,-0.009535,0.998656,16.657459
0,18573233,0.013785,0.011004,0.997453,19.640884
1,18573384,0.007641,-0.009512,0.998660,16.657459
2,18573403,0.000430,1.013355,-0.029133,18.535912
0,18573488,0.013746,0.011020,0.997488,19.640884
1,18573639,0.007652,-0.009508,0.998656,16.546961
2,18573658,0.000434,1.013359,-0.029184,18.646408
0,18573743,0.013762,0.011039,0.997484,19.640884
1,18573894,0.007633,-0.009516,0.998621,16.436464
2,18573913,0.000449,1.013383,-0.029152,18.535912
0,18573998,0.013785,0.010996,0.997445,19.640884
1,18574149,0.007645,-0.009543,0.998637,16.215469
2,18574168,0.000445,1.013402,-0.029172,18.425415
0,18574253,0.013762,0.010977,0.997457,19.751381
1,18574404,0.007648,-0.009531,0.998617,16.546961
2,18574423,0.000414,1.013359,-0.029117,18.535912
0,18574508,0.013758,0.010969,0.997492,19.640884
1,18574659,0.007676,-0.009520,0.998609,16.546961
2,18574678,0.000410,1.013379,-0.029145,18.756907
0,18574763,0.013730,0.011008,0.997461,19.640884
1,18574914,0.007652,-0.009500,0.998648,16.657459
2,18574933,0.000441,1.013371,-0.029141,18.535912
0,18575018,0.013801,0.010977,0.997465,19.751381
1,18575169,0.007633,-0.009523,0.998676,16.657459
2,18575188,0.000449,1.013352,-0.029164,18.425415
0,18575240,0.013793,0.011031,0.997449,19.861879
1,18575424,0.007656,-0.009531,0.998613,16.436464
2,18575443,0.000422,1.013371,-0.029168,18.646408
0,18575495,0.013773,0.011016,0.997441,19.640884
1,18575679,0.007664,-0.009539,0.998652,16.657459
2,18575698,0.000438,1.013359,-0.029148,18.756907
0,18575750,0.013770,0.011012,0.997477,19.640884
1,18575934,0.007648,-0.009535,0.998645,16.546961
2,18575953,0.000410,1.013402,-0.029141,18.646408
0,18576005,0.013781,0.011008,0.997484,19.640884
1,18576189,0.007648,-0.009512,0.998645,16.657459
2,18576208,0.000402,1.013352,-0.029172,18.535912
0,18576260,0.013789,0.010992,0.997426,19.640884
1,18576444,0.007684,-0.009531,0.998648,16.546961
2,18576463,0.000391,1.013379,-0.029223,18.646408
0,18576515,0.013789,0.010988,0.997445,19.640884
