0,58438648,0.013703,0.010953,0.997492,17.872929
1,58438766,0.007648,-0.009520,0.998563,14.668509
2,58438818,0.000340,1.013293,-0.029129,16.546961
0,58438903,0.013703,0.010980,0.997523,17.651934
1,58439021,0.007621,-0.009523,0.998605,14.447514
2,58439073,0.000355,1.013273,-0.029152,16.657459
0,58439158,0.013656,0.011004,0.997484,17.762430
1,58439276,0.007641,-0.009531,0.998602,14.558011
2,58439328,0.000355,1.013293,-0.029191,16.546961
0,58439413,0.013676,0.010984,0.997453,17.651934
1,58439531,0.007637,-0.009520,0.998559,14.447514
2,58439583,0.000332,1.013273,-0.029148,16.546961
0,58439668,0.013723,0.010980,0.997469,17.651934
1,58439786,0.007668,-0.009520,0.998625,14.447514
2,58439838,0.000336,1.013277,-0.029227,16.546961
0,58439923,0.013699,0.010996,0.997504,17.762430
1,58440041,0.007656,-0.009547,0.998594,14.447514
2,58440093,0.000367,1.013277,-0.029156,16.436464
0,58440178,0.013691,0.011012,0.997484,17.762430
1,58440296,0.007613,-0.009535,0.998551,14.558011
2,58440348,0.000344,1.013312,-0.029121,16.657459
0,58440433,0.013695,0.011012,0.997441,17.541437
1,58440551,0.007629,-0.009523,0.998566,14.779005
2,58440603,0.000348,1.013316,-0.029164,16.657459
0,58440688,0.013695,0.011004,0.997473,17.651934
1,58440806,0.007648,-0.009527,0.998609,14.558011
2,58440858,0.000348,1.013289,-0.029156,16.546961
0,58440943,0.013691,0.010984,0.997500,17.872929
1,58441061,0.007641,-0.009516,0.998648,14.558011
2,58441113,0.000344,1.013293,-0.029141,16.546961
0,58441198,0.013711,0.010969,0.997512,17.651934
1,58441316,0.007625,-0.009523,0.998629,14.668509
2,58441368,0.000320,1.013301,-0.029105,16.657459
0,58441453,0.013719,0.010973,0.997473,17.541437
1,58441571,0.007602,-0.009547,0.998621,14.668509
2,58441623,0.000352,1.013270,-0.029133,16.436464
0,58441708,0.013691,0.010992,0.997477,17.651934
1,58441826,0.007617,-0.009543,0.998590,14.558011
2,58441878,0.000344,1.013305,-0.029188,16.546961
0,58441963,0.013680,0.010969,0.997477,17.541437
1,58442081,0.007641,-0.009523,0.998613,14.558011
2,58442133,0.000348,1.013320,-0.029188,16.546961
0,58442218,0.013707,0.010949,0.997488,17.872929
1,58442336,0.007652,-0.009516,0.998598,14.558011
2,58442388,0.000344,1.013312,-0.029133,16.657459
0,58442473,0.013719,0.010996,0.997512,17.872929
1,58442591,0.007652,-0.009512,0.998598,14.558011
2,58442643,0.000336,1.013301,-0.029148,16.436464
0,58442728,0.013719,0.010969,0.997523,17.651934
1,58442846,0.007629,-0.009547,0.998586,14.779005
2,58442898,0.000332,1.013293,-0.029141,16.436464
0,58442983,0.013723,0.010988,0.997492,17.651934
1,58443101,0.007637,-0.009559,0.998637,14.558011
2,58443153,0.000320,1.013281,-0.029125,16.657459
0,58443238,0.013699,0.011000,0.997527,17.651934
1,58443356,0.007645,-0.009531,0.998586,14.447514
2,58443408,0.000359,1.013273,-0.029121,16.546961
0,58443460,0.013695,0.011004,0.997500,17.762430
1,58443611,0.007621,-0.009531,0.998641,14.447514
2,58443663,0.000371,1.013281,-0.029098,16.657459
