1,98304596,0.007629,-0.009551,0.998633,13.784531
0,98304692,0.013691,0.011008,0.997520,16.657459
2,98304788,0.000328,1.013246,-0.029168,15.662984
1,98304851,0.007617,-0.009512,0.998652,13.674033
0,98304914,0.013695,0.010992,0.997527,16.657459
2,98305043,0.000324,1.013254,-0.029184,15.662984
1,98305106,0.007641,-0.009555,0.998629,13.784531
0,98305169,0.013691,0.010949,0.997480,16.657459
2,98305298,0.000328,1.013223,-0.029172,15.552486
1,98305361,0.007621,-0.009566,0.998613,13.674033
0,98305424,0.013699,0.010961,0.997496,16.767956
2,98305553,0.000309,1.013262,-0.029145,15.773480
1,98305616,0.007621,-0.009574,0.998625,13.563536
0,98305679,0.013672,0.010996,0.997531,16.878452
2,98305841,0.000312,1.013281,-0.029160,15.773480
1,98305871,0.007625,-0.009559,0.998633,13.895027
0,98305934,0.013672,0.010969,0.997574,16.767956
2,98306096,0.000316,1.013270,-0.029160,15.773480
1,98306126,0.007656,-0.009562,0.998566,13.784531
0,98306189,0.013707,0.010973,0.997520,16.657459
2,98306351,0.000336,1.013258,-0.029113,15.662984
1,98306381,0.007629,-0.009543,0.998574,13.674033
0,98306444,0.013699,0.010996,0.997535,16.767956
2,98306606,0.000328,1.013273,-0.029148,15.331491
1,98306636,0.007641,-0.009559,0.998613,13.674033
0,98306699,0.013715,0.010996,0.997520,16.657459
2,98306861,0.000312,1.013281,-0.029176,15.662984
1,98306891,0.007625,-0.009543,0.998609,13.563536
0,98306954,0.013715,0.010973,0.997555,16.657459
2,98307116,0.000316,1.013277,-0.029164,15.773480
1,98307146,0.007629,-0.009566,0.998582,13.674033
0,98307209,0.013703,0.010988,0.997539,16.657459
2,98307371,0.000336,1.013262,-0.029141,15.773480
1,98307401,0.007613,-0.009555,0.998586,13.563536
0,98307464,0.013680,0.010996,0.997570,16.657459
2,98307626,0.000320,1.013242,-0.029098,15.662984
1,98307656,0.007625,-0.009539,0.998590,13.674033
0,98307719,0.013687,0.010969,0.997559,16.657459
2,98307881,0.000324,1.013285,-0.029113,15.662984
1,98307911,0.007625,-0.009562,0.998621,13.563536
0,98307974,0.013684,0.010977,0.997582,16.657459
2,98308136,0.000348,1.013293,-0.029125,15.773480
1,98308166,0.007609,-0.009566,0.998594,13.563536
0,98308229,0.013691,0.010980,0.997539,16.657459
2,98308391,0.000316,1.013270,-0.029133,15.773480
1,98308421,0.007605,-0.009570,0.998590,13.674033
0,98308484,0.013707,0.010984,0.997555,16.878452
2,98308646,0.000312,1.013234,-0.029129,15.662984
1,98308676,0.007625,-0.009574,0.998559,13.784531
0,98308739,0.013707,0.010973,0.997508,16.988951
2,98308901,0.000340,1.013238,-0.029098,15.773480
1,98308931,0.007629,-0.009570,0.998602,13.674033
0,98308994,0.013676,0.011000,0.997492,16.657459
2,98309156,0.000336,1.013277,-0.029117,15.552486
1,98309186,0.007641,-0.009543,0.998566,13.784531
0,98309249,0.013676,0.011008,0.997508,16.878452
2,98309411,0.000332,1.013234,-0.029160,15.662984
1,98309474,0.007621,-0.009539,0.998621,13.784531
0,98309504,0.013676,0.011020,0.997488,16.878452
