2,49166814,0.000348,1.013324,-0.029145,16.878452
0,49166899,0.013734,0.011004,0.997434,18.093924
1,49166918,0.007680,-0.009523,0.998637,15.000000
2,49167069,0.000340,1.013340,-0.029125,16.988951
0,49167154,0.013687,0.010984,0.997461,18.204420
1,49167173,0.007660,-0.009555,0.998613,15.000000
2,49167324,0.000379,1.013293,-0.029145,17.099447
0,49167409,0.013719,0.010980,0.997445,17.872929
1,49167428,0.007645,-0.009562,0.998617,15.000000
2,49167579,0.000344,1.013324,-0.029121,16.878452
0,49167664,0.013707,0.010961,0.997457,17.983425
1,49167683,0.007648,-0.009516,0.998617,14.889503
2,49167834,0.000355,1.013309,-0.029129,16.988951
0,49167919,0.013699,0.010988,0.997512,18.093924
1,49167938,0.007621,-0.009504,0.998656,15.000000
2,49168089,0.000348,1.013324,-0.029125,16.988951
0,49168174,0.013707,0.010996,0.997465,17.983425
1,49168193,0.007609,-0.009543,0.998625,15.110497
2,49168344,0.000363,1.013293,-0.029105,16.988951
0,49168429,0.013695,0.010988,0.997469,18.314917
1,49168448,0.007652,-0.009508,0.998613,15.110497
2,49168599,0.000367,1.013281,-0.029156,16.988951
0,49168684,0.013707,0.010988,0.997484,18.093924
1,49168703,0.007652,-0.009508,0.998648,15.110497
2,49168854,0.000340,1.013316,-0.029086,17.099447
0,49168939,0.013734,0.011004,0.997477,18.204420
1,49168958,0.007637,-0.009543,0.998641,14.889503
2,49169109,0.000352,1.013320,-0.029125,16.988951
0,49169194,0.013746,0.011004,0.997430,17.872929
1,49169213,0.007637,-0.009543,0.998621,15.000000
2,49169364,0.000352,1.013301,-0.029117,16.988951
0,49169449,0.013734,0.011000,0.997457,17.983425
1,49169468,0.007645,-0.009523,0.998602,15.110497
2,49169619,0.000379,1.013316,-0.029152,16.988951
0,49169704,0.013734,0.010988,0.997461,17.872929
1,49169723,0.007621,-0.009527,0.998633,15.000000
2,49169874,0.000363,1.013289,-0.029141,16.657459
0,49169959,0.013703,0.010969,0.997488,18.093924
1,49169978,0.007645,-0.009551,0.998645,14.889503
2,49170129,0.000375,1.013312,-0.029133,16.988951
0,49170214,0.013715,0.010996,0.997508,18.093924
1,49170233,0.007645,-0.009539,0.998609,14.889503
2,49170384,0.000359,1.013312,-0.029172,17.099447
0,49170469,0.013672,0.010996,0.997488,17.872929
1,49170488,0.007633,-0.009523,0.998613,14.889503
2,49170639,0.000336,1.013316,-0.029172,16.767956
0,49170724,0.013699,0.010984,0.997500,17.872929
1,49170743,0.007660,-0.009539,0.998621,15.110497
2,49170894,0.000352,1.013301,-0.029152,17.099447
0,49170979,0.013699,0.010992,0.997488,18.093924
1,49170998,0.007676,-0.009523,0.998605,15.110497
2,49171149,0.000367,1.013320,-0.029105,16.988951
0,49171234,0.013695,0.011008,0.997488,17.983425
1,49171253,0.007664,-0.009535,0.998598,15.000000
2,49171404,0.000371,1.013277,-0.029137,17.099447
0,49171489,0.013734,0.010984,0.997449,17.983425
1,49171508,0.007668,-0.009516,0.998609,14.889503
2,49171659,0.000387,1.013305,-0.029160,16.988951
0,49171744,0.013703,0.010988,0.997422,17.983425
1,49171763,0.007660,-0.009504,0.998605,15.000000
