2,6519532,0.000434,1.013379,-0.029203,19.640884
0,6519584,0.013785,0.011012,0.997473,20.524862
1,6519768,0.007672,-0.009504,0.998598,17.541437
2,6519787,0.000445,1.013383,-0.029207,19.309393
0,6519839,0.013766,0.010988,0.997465,20.524862
1,6520023,0.007652,-0.009496,0.998602,17.320442
2,6520042,0.000441,1.013375,-0.029172,19.640884
0,6520094,0.013793,0.011020,0.997445,20.635359
1,6520278,0.007613,-0.009531,0.998633,17.541437
2,6520297,0.000434,1.013359,-0.029223,19.419889
0,6520349,0.013766,0.010984,0.997461,20.745857
1,6520533,0.007672,-0.009508,0.998660,17.541437
2,6520552,0.000422,1.013391,-0.029199,19.640884
0,6520604,0.013750,0.010992,0.997449,20.414364
1,6520788,0.007652,-0.009516,0.998629,17.320442
2,6520807,0.000410,1.013387,-0.029195,19.419889
0,6520859,0.013809,0.010980,0.997477,20.524862
1,6521043,0.007664,-0.009508,0.998605,17.541437
2,6521062,0.000441,1.013402,-0.029156,19.640884
0,6521114,0.013773,0.011012,0.997469,20.635359
1,6521298,0.007633,-0.009492,0.998621,17.320442
2,6521317,0.000430,1.013379,-0.029223,19.530386
0,6521369,0.013781,0.010996,0.997441,20.524862
1,6521553,0.007648,-0.009488,0.998602,17.430939
2,6521572,0.000430,1.013406,-0.029199,19.530386
0,6521624,0.013789,0.011020,0.997441,20.635359
1,6521808,0.007633,-0.009508,0.998578,17.541437
2,6521827,0.000434,1.013371,-0.029141,19.640884
0,6521879,0.013785,0.010992,0.997410,20.635359
1,6522063,0.007652,-0.009500,0.998629,17.320442
2,6522082,0.000418,1.013391,-0.029195,19.640884
0,6522134,0.013785,0.010996,0.997422,20.524862
1,6522318,0.007652,-0.009500,0.998613,17.320442
2,6522337,0.000410,1.013394,-0.029188,19.530386
0,6522389,0.013793,0.011020,0.997449,20.414364
1,6522573,0.007645,-0.009492,0.998613,17.320442
2,6522592,0.000445,1.013410,-0.029207,19.419889
0,6522644,0.013773,0.011012,0.997469,20.745857
1,6522828,0.007633,-0.009504,0.998664,17.430939
2,6522847,0.000445,1.013394,-0.029164,19.640884
0,6522899,0.013770,0.011016,0.997434,20.635359
1,6523083,0.007652,-0.009527,0.998605,17.320442
2,6523102,0.000457,1.013406,-0.029184,19.419889
0,6523154,0.013758,0.011023,0.997445,20.524862
1,6523338,0.007641,-0.009520,0.998590,17.099447
2,6523357,0.000477,1.013375,-0.029168,19.530386
0,6523409,0.013773,0.010996,0.997465,20.635359
1,6523593,0.007660,-0.009500,0.998621,17.320442
2,6523612,0.000445,1.013383,-0.029184,19.640884
0,6523631,0.013773,0.011012,0.997504,20.635359
1,6523848,0.007668,-0.009500,0.998617,17.541437
2,6523867,0.000438,1.013387,-0.029207,19.640884
0,6523886,0.013773,0.010980,0.997441,20.745857
1,6524103,0.007645,-0.009484,0.998598,17.430939
2,6524122,0.000457,1.013394,-0.029184,19.530386
0,6524141,0.013793,0.011000,0.997469,20.745857
1,6524358,0.007652,-0.009516,0.998605,17.430939
2,6524377,0.000465,1.013387,-0.029164,19.309393
0,6524396,0.013785,0.011016,0.997457,20.635359
