1,23207210,0.007656,-0.009508,0.998652,16.436464
2,23207229,0.000391,1.013348,-0.029164,18.314917
0,23207413,0.013742,0.011031,0.997480,19.530386
1,23207465,0.007633,-0.009520,0.998648,16.215469
2,23207484,0.000426,1.013355,-0.029109,18.425415
0,23207668,0.013750,0.011008,0.997496,19.309393
1,23207720,0.007668,-0.009516,0.998621,16.436464
2,23207739,0.000414,1.013332,-0.029141,18.425415
0,23207923,0.013750,0.011004,0.997492,19.419889
1,23207975,0.007680,-0.009504,0.998621,16.325968
2,23207994,0.000414,1.013348,-0.029191,18.646408
0,23208178,0.013746,0.011004,0.997492,19.419889
1,23208230,0.007668,-0.009504,0.998656,16.325968
2,23208249,0.000414,1.013324,-0.029160,18.425415
0,23208433,0.013734,0.010977,0.997465,19.640884
1,23208485,0.007676,-0.009516,0.998676,16.436464
2,23208504,0.000434,1.013344,-0.029137,18.093924
0,23208688,0.013746,0.010988,0.997477,19.530386
1,23208740,0.007660,-0.009516,0.998652,16.436464
2,23208759,0.000438,1.013348,-0.029195,18.425415
0,23208943,0.013750,0.011004,0.997480,19.419889
1,23208995,0.007684,-0.009520,0.998617,16.436464
2,23209014,0.000410,1.013359,-0.029199,18.535912
0,23209198,0.013785,0.010977,0.997492,19.640884
1,23209250,0.007672,-0.009500,0.998641,16.325968
2,23209269,0.000430,1.013352,-0.029188,18.425415
0,23209453,0.013746,0.010988,0.997484,19.419889
1,23209505,0.007672,-0.009539,0.998609,16.325968
2,23209524,0.000406,1.013332,-0.029148,18.425415
0,23209708,0.013734,0.010988,0.997457,19.640884
1,23209760,0.007684,-0.009512,0.998625,16.436464
2,23209779,0.000430,1.013332,-0.029184,18.425415
0,23209963,0.013746,0.011008,0.997437,19.419889
1,23210015,0.007676,-0.009516,0.998633,16.215469
2,23210034,0.000379,1.013352,-0.029172,18.425415
0,23210218,0.013758,0.011004,0.997434,19.530386
1,23210270,0.007680,-0.009520,0.998648,16.215469
2,23210289,0.000379,1.013375,-0.029168,18.314917
0,23210473,0.013742,0.011020,0.997484,19.640884
1,23210525,0.007664,-0.009547,0.998656,16.215469
2,23210544,0.000438,1.013344,-0.029180,18.425415
0,23210728,0.013730,0.011027,0.997496,19.530386
1,23210780,0.007656,-0.009547,0.998613,16.325968
2,23210799,0.000441,1.013363,-0.029176,18.314917
0,23210983,0.013742,0.011016,0.997461,19.530386
1,23211035,0.007660,-0.009551,0.998602,16.325968
2,23211054,0.000430,1.013379,-0.029145,18.425415
0,23211238,0.013781,0.010980,0.997461,19.530386
1,23211290,0.007676,-0.009527,0.998559,16.436464
2,23211309,0.000402,1.013375,-0.029172,18.425415
0,23211493,0.013746,0.010992,0.997469,19.419889
1,23211545,0.007688,-0.009535,0.998641,16.436464
2,23211564,0.000418,1.013371,-0.029207,18.425415
0,23211715,0.013770,0.010992,0.997469,19.419889
1,23211800,0.007676,-0.009527,0.998633,16.436464
2,23211852,0.000422,1.013379,-0.029156,18.425415
0,23211970,0.013789,0.011016,0.997508,19.640884
1,23212055,0.007684,-0.009535,0.998609,16.215469
2,23212107,0.000398,1.013391,-0.029133,18.314917
0,23212225,0.013770,0.011012,0.997555,19.419889
