2,13009219,0.000414,1.013371,-0.029188,18.756907
1,13009249,0.007645,-0.009523,0.998648,16.657459
0,13009345,0.013781,0.010984,0.997434,19.861879
2,13009474,0.000441,1.013391,-0.029203,18.646408
1,13009504,0.007629,-0.009531,0.998617,16.657459
0,13009600,0.013801,0.010996,0.997437,19.861879
2,13009729,0.000465,1.013367,-0.029207,18.867403
1,13009759,0.007672,-0.009535,0.998656,16.657459
0,13009855,0.013816,0.010984,0.997504,19.640884
2,13009984,0.000426,1.013375,-0.029184,18.756907
1,13010014,0.007684,-0.009523,0.998648,16.657459
0,13010110,0.013805,0.010988,0.997469,19.861879
2,13010239,0.000418,1.013394,-0.029188,18.646408
1,13010269,0.007656,-0.009523,0.998660,16.657459
0,13010332,0.013762,0.010984,0.997496,19.861879
2,13010494,0.000438,1.013391,-0.029152,18.756907
1,13010524,0.007656,-0.009523,0.998652,16.657459
0,13010587,0.013773,0.011008,0.997496,19.751381
2,13010749,0.000434,1.013348,-0.029164,18.867403
1,13010779,0.007676,-0.009512,0.998656,16.657459
0,13010842,0.013781,0.011012,0.997461,19.861879
2,13011004,0.000414,1.013391,-0.029172,18.646408
1,13011034,0.007688,-0.009516,0.998676,16.657459
0,13011097,0.013793,0.011016,0.997484,19.751381
2,13011259,0.000426,1.013383,-0.029156,18.756907
1,13011289,0.007648,-0.009551,0.998676,16.546961
0,13011352,0.013797,0.010992,0.997500,19.640884
2,13011514,0.000398,1.013414,-0.029207,18.867403
1,13011544,0.007625,-0.009535,0.998645,16.767956
0,13011607,0.013809,0.011000,0.997504,19.751381
2,13011769,0.000402,1.013402,-0.029203,18.756907
1,13011799,0.007664,-0.009535,0.998688,16.657459
0,13011862,0.013797,0.011020,0.997477,19.861879
2,13012024,0.000422,1.013371,-0.029188,18.756907
1,13012054,0.007660,-0.009500,0.998656,16.657459
0,13012117,0.013789,0.011023,0.997484,19.861879
2,13012279,0.000445,1.013363,-0.029188,18.756907
1,13012309,0.007680,-0.009527,0.998641,16.657459
0,13012372,0.013777,0.010996,0.997496,19.751381
2,13012534,0.000430,1.013355,-0.029176,18.646408
1,13012564,0.007688,-0.009543,0.998625,16.657459
0,13012627,0.013789,0.011008,0.997531,19.751381
2,13012789,0.000418,1.013379,-0.029152,18.756907
1,13012819,0.007652,-0.009500,0.998609,16.657459
0,13012882,0.013781,0.011000,0.997465,19.861879
2,13013044,0.000402,1.013375,-0.029152,18.867403
1,13013074,0.007645,-0.009512,0.998672,16.657459
0,13013137,0.013789,0.011031,0.997473,19.751381
2,13013332,0.000395,1.013387,-0.029160,18.756907
1,13013362,0.007660,-0.009527,0.998660,16.657459
0,13013392,0.013781,0.011000,0.997465,19.861879
2,13013587,0.000410,1.013363,-0.029180,18.756907
1,13013617,0.007668,-0.009531,0.998648,16.546961
0,13013647,0.013781,0.011004,0.997461,19.751381
2,13013842,0.000422,1.013352,-0.029156,18.646408
1,13013872,0.007652,-0.009504,0.998676,16.657459
0,13013902,0.013773,0.010988,0.997488,20.082872
2,13014097,0.000426,1.013344,-0.029137,18.756907
1,13014127,0.007648,-0.009516,0.998648,16.546961
0,13014157,0.013789,0.010992,0.997504,19.751381
