1,87178628,0.007633,-0.009539,0.998602,12.900553
2,87178647,0.000285,1.013227,-0.029180,14.889503
0,87178666,0.013660,0.010957,0.997523,16.104973
1,87178883,0.007605,-0.009555,0.998563,13.011049
2,87178902,0.000293,1.013254,-0.029164,14.889503
0,87178921,0.013625,0.010949,0.997535,16.104973
1,87179138,0.007602,-0.009570,0.998613,12.790055
2,87179157,0.000316,1.013230,-0.029180,14.889503
0,87179176,0.013621,0.010973,0.997566,16.104973
1,87179393,0.007613,-0.009570,0.998609,12.790055
2,87179412,0.000316,1.013227,-0.029203,14.889503
0,87179431,0.013641,0.010988,0.997520,16.215469
1,87179648,0.007613,-0.009551,0.998621,13.011049
2,87179667,0.000324,1.013262,-0.029172,14.668509
0,87179686,0.013621,0.011008,0.997512,15.883978
1,87179903,0.007621,-0.009562,0.998633,13.011049
2,87179922,0.000320,1.013238,-0.029230,14.889503
0,87179941,0.013672,0.010977,0.997543,15.994475
1,87180158,0.007641,-0.009551,0.998621,13.011049
2,87180177,0.000305,1.013223,-0.029219,14.779005
0,87180196,0.013664,0.010980,0.997531,15.773480
1,87180413,0.007598,-0.009559,0.998594,12.900553
2,87180432,0.000277,1.013242,-0.029215,15.220995
0,87180451,0.013668,0.010980,0.997512,15.883978
1,87180668,0.007602,-0.009547,0.998609,13.011049
2,87180687,0.000312,1.013227,-0.029219,14.779005
0,87180706,0.013652,0.010969,0.997555,15.883978
1,87180923,0.007633,-0.009547,0.998621,12.900553
2,87180942,0.000301,1.013227,-0.029180,14.889503
0,87180961,0.013664,0.010977,0.997543,15.883978
1,87181178,0.007605,-0.009559,0.998645,12.900553
2,87181197,0.000312,1.013219,-0.029137,14.889503
0,87181216,0.013656,0.010988,0.997551,15.994475
1,87181433,0.007629,-0.009547,0.998598,12.790055
2,87181452,0.000312,1.013207,-0.029137,14.889503
0,87181471,0.013676,0.010984,0.997523,15.883978
1,87181688,0.007609,-0.009531,0.998602,12.900553
2,87181707,0.000289,1.013234,-0.029180,14.889503
0,87181726,0.013668,0.010973,0.997520,15.994475
1,87181943,0.007609,-0.009594,0.998563,13.011049
2,87181962,0.000293,1.013234,-0.029234,15.000000
0,87181981,0.013660,0.010977,0.997469,15.883978
1,87182198,0.007621,-0.009566,0.998609,12.790055
2,87182217,0.000297,1.013219,-0.029195,14.889503
0,87182236,0.013652,0.011000,0.997531,15.994475
1,87182453,0.007613,-0.009547,0.998613,12.790055
2,87182472,0.000297,1.013211,-0.029215,14.889503
0,87182491,0.013652,0.010977,0.997500,15.994475
1,87182708,0.007633,-0.009562,0.998613,13.011049
2,87182727,0.000281,1.013211,-0.029242,14.889503
0,87182746,0.013656,0.010977,0.997492,16.104973
1,87182963,0.007613,-0.009586,0.998625,13.121547
2,87182982,0.000289,1.013227,-0.029223,15.000000
0,87183001,0.013660,0.010980,0.997539,16.104973
2,87183229,0.000305,1.013242,-0.029176,14.779005
0,87183248,0.013664,0.010988,0.997535,15.994475
1,87183267,0.007621,-0.009535,0.998637,12.790055
2,87183484,0.000305,1.013215,-0.029199,15.000000
0,87183503,0.013660,0.010969,0.997520,15.994475
1,87183522,0.007586,-0.009527,0.998586,12.790055
