1,83470264,0.007621,-0.009574,0.998539,12.016575
2,83470316,0.000277,1.013199,-0.029219,13.895027
0,83470335,0.013609,0.010980,0.997496,15.110497
1,83470519,0.007621,-0.009543,0.998535,12.016575
2,83470571,0.000309,1.013211,-0.029262,14.005525
0,83470590,0.013621,0.010992,0.997457,15.220995
1,83470774,0.007633,-0.009527,0.998570,12.127071
2,83470826,0.000289,1.013195,-0.029234,13.895027
0,83470845,0.013641,0.010992,0.997441,15.110497
1,83471029,0.007605,-0.009543,0.998547,12.016575
2,83471081,0.000281,1.013211,-0.029195,13.895027
0,83471100,0.013641,0.010977,0.997465,15.110497
1,83471284,0.007605,-0.009555,0.998543,12.237569
2,83471336,0.000297,1.013199,-0.029230,13.895027
0,83471355,0.013629,0.010977,0.997473,15.110497
1,83471539,0.007613,-0.009559,0.998531,11.795580
2,83471591,0.000312,1.013191,-0.029254,14.005525
0,83471610,0.013660,0.010996,0.997437,15.110497
1,83471794,0.007609,-0.009574,0.998527,12.127071
2,83471846,0.000312,1.013164,-0.029223,14.005525
0,83471865,0.013629,0.010996,0.997410,15.000000
1,83472049,0.007625,-0.009562,0.998543,12.016575
2,83472101,0.000312,1.013199,-0.029195,13.895027
0,83472120,0.013633,0.011012,0.997406,15.220995
1,83472304,0.007609,-0.009574,0.998547,12.016575
2,83472356,0.000266,1.013195,-0.029223,13.895027
0,83472375,0.013664,0.011000,0.997488,15.110497
1,83472559,0.007598,-0.009551,0.998563,12.016575
2,83472611,0.000262,1.013215,-0.029199,13.895027
0,83472630,0.013633,0.010984,0.997461,15.220995
1,83472814,0.007609,-0.009543,0.998492,12.237569
2,83472866,0.000293,1.013238,-0.029234,13.895027
0,83472885,0.013641,0.011000,0.997469,15.220995
1,83473069,0.007613,-0.009570,0.998523,12.127071
2,83473121,0.000316,1.013207,-0.029227,14.005525
0,83473140,0.013656,0.011008,0.997453,14.889503
1,83473324,0.007586,-0.009539,0.998523,12.016575
2,83473376,0.000281,1.013199,-0.029219,14.005525
0,83473395,0.013668,0.011020,0.997453,15.110497
1,83473579,0.007621,-0.009531,0.998496,12.127071
2,83473631,0.000262,1.013195,-0.029262,13.895027
0,83473650,0.013668,0.011008,0.997480,15.110497
1,83473834,0.007625,-0.009559,0.998539,12.016575
2,83473886,0.000246,1.013180,-0.029270,13.895027
0,83473905,0.013621,0.011004,0.997461,15.220995
1,83474089,0.007613,-0.009539,0.998555,12.127071
2,83474141,0.000285,1.013184,-0.029270,13.895027
0,83474160,0.013641,0.010977,0.997430,14.889503
1,83474344,0.007605,-0.009531,0.998555,12.016575
2,83474396,0.000309,1.013195,-0.029250,14.005525
0,83474415,0.013652,0.010992,0.997449,15.220995
1,83474599,0.007621,-0.009562,0.998566,12.016575
0,83474629,0.013629,0.011000,0.997445,15.000000
2,83474659,0.000309,1.013188,-0.029246,14.005525
1,83474854,0.007617,-0.009562,0.998551,12.016575
0,83474884,0.013645,0.010988,0.997453,15.110497
2,83474914,0.000266,1.013199,-0.029246,13.895027
1,83475142,0.007613,-0.009551,0.998590,12.237569
2,83475161,0.000289,1.013211,-0.029234,14.005525
0,83475180,0.013656,0.011027,0.997492,15.220995
