1,7446531,0.007648,-0.009512,0.998633,17.099447
2,7446550,0.000430,1.013398,-0.029230,19.198895
0,7446635,0.013770,0.010992,0.997430,20.524862
1,7446786,0.007648,-0.009520,0.998633,17.209946
2,7446805,0.000402,1.013379,-0.029199,19.198895
0,7446890,0.013750,0.010977,0.997492,20.414364
1,7447041,0.007625,-0.009512,0.998637,16.988951
2,7447060,0.000406,1.013394,-0.029230,19.309393
0,7447145,0.013785,0.011023,0.997484,20.414364
1,7447296,0.007633,-0.009512,0.998688,17.320442
2,7447315,0.000438,1.013379,-0.029219,19.309393
0,7447400,0.013762,0.011012,0.997520,20.414364
1,7447551,0.007629,-0.009504,0.998656,16.988951
2,7447570,0.000426,1.013387,-0.029215,19.309393
0,7447655,0.013762,0.010973,0.997465,20.303867
1,7447806,0.007660,-0.009477,0.998617,17.209946
2,7447825,0.000422,1.013387,-0.029215,19.309393
0,7447910,0.013785,0.010984,0.997453,20.193371
1,7448061,0.007633,-0.009492,0.998617,17.099447
2,7448080,0.000422,1.013391,-0.029230,19.309393
0,7448165,0.013773,0.010984,0.997434,20.193371
1,7448316,0.007629,-0.009523,0.998629,17.099447
2,7448335,0.000438,1.013414,-0.029246,19.419889
0,7448420,0.013793,0.010992,0.997465,20.414364
1,7448571,0.007656,-0.009496,0.998660,17.209946
2,7448590,0.000410,1.013387,-0.029188,19.309393
0,7448675,0.013805,0.010969,0.997469,20.414364
1,7448826,0.007641,-0.009512,0.998656,17.099447
2,7448845,0.000410,1.013371,-0.029145,19.309393
0,7448930,0.013809,0.011004,0.997500,20.193371
1,7449081,0.007621,-0.009520,0.998602,16.988951
2,7449100,0.000422,1.013363,-0.029168,19.419889
0,7449185,0.013781,0.011016,0.997488,20.193371
1,7449336,0.007621,-0.009531,0.998598,17.099447
2,7449355,0.000430,1.013379,-0.029172,19.309393
0,7449440,0.013762,0.011016,0.997469,20.414364
1,7449591,0.007625,-0.009539,0.998609,17.209946
2,7449643,0.000426,1.013383,-0.029195,19.419889
0,7449695,0.013777,0.011016,0.997465,20.524862
1,7449846,0.007633,-0.009531,0.998633,17.099447
2,7449898,0.000453,1.013387,-0.029160,19.309393
0,7449950,0.013770,0.011000,0.997469,20.303867
1,7450101,0.007637,-0.009512,0.998605,17.099447
2,7450153,0.000441,1.013367,-0.029195,19.309393
0,7450205,0.013785,0.010992,0.997449,20.193371
1,7450356,0.007660,-0.009500,0.998594,17.099447
2,7450408,0.000398,1.013391,-0.029230,19.198895
0,7450460,0.013781,0.011020,0.997484,20.193371
1,7450611,0.007629,-0.009492,0.998645,17.209946
2,7450663,0.000445,1.013394,-0.029219,19.309393
0,7450715,0.013781,0.011012,0.997523,20.303867
1,7450866,0.007648,-0.009504,0.998633,17.209946
2,7450918,0.000414,1.013410,-0.029270,19.309393
0,7450970,0.013801,0.011012,0.997496,20.303867
1,7451121,0.007656,-0.009508,0.998660,17.209946
2,7451173,0.000414,1.013379,-0.029266,19.309393
0,7451225,0.013785,0.011023,0.997461,20.414364
1,7451376,0.007660,-0.009488,0.998684,17.209946
2,7451428,0.000418,1.013406,-0.029215,19.309393
0,7451480,0.013773,0.011027,0.997492,20.414364
