0,85324382,0.013652,0.010969,0.997465,15.662984
1,85324467,0.007641,-0.009555,0.998582,12.458564
2,85324486,0.000312,1.013223,-0.029180,14.337016
0,85324637,0.013664,0.010945,0.997488,15.552486
2,85324733,0.000297,1.013195,-0.029176,14.447514
1,85324763,0.007629,-0.009566,0.998605,12.569060
0,85324892,0.013648,0.010937,0.997445,15.773480
2,85324988,0.000285,1.013207,-0.029203,14.447514
1,85325018,0.007621,-0.009555,0.998609,12.348066
0,85325147,0.013645,0.010961,0.997492,15.662984
2,85325243,0.000285,1.013227,-0.029184,14.558011
1,85325273,0.007617,-0.009570,0.998594,12.569060
0,85325402,0.013668,0.010969,0.997496,15.552486
2,85325498,0.000293,1.013242,-0.029227,14.447514
1,85325528,0.007598,-0.009566,0.998621,12.569060
0,85325657,0.013648,0.010977,0.997500,15.773480
2,85325753,0.000320,1.013203,-0.029176,14.558011
1,85325783,0.007590,-0.009543,0.998602,12.569060
0,85325912,0.013645,0.010980,0.997480,15.773480
2,85326008,0.000273,1.013195,-0.029176,14.447514
1,85326038,0.007609,-0.009547,0.998598,12.458564
0,85326167,0.013648,0.010969,0.997512,15.662984
2,85326263,0.000297,1.013207,-0.029191,14.447514
1,85326293,0.007613,-0.009555,0.998617,12.569060
0,85326422,0.013641,0.011004,0.997496,15.662984
2,85326518,0.000297,1.013203,-0.029180,14.337016
1,85326548,0.007629,-0.009555,0.998566,12.569060
0,85326677,0.013652,0.010969,0.997508,15.552486
2,85326773,0.000305,1.013211,-0.029203,14.447514
1,85326803,0.007625,-0.009551,0.998574,12.569060
0,85326932,0.013645,0.010988,0.997512,15.552486
1,85327050,0.007625,-0.009566,0.998609,12.569060
2,85327069,0.000297,1.013219,-0.029176,14.447514
0,85327187,0.013629,0.010969,0.997441,15.552486
1,85327305,0.007617,-0.009555,0.998586,12.569060
2,85327324,0.000281,1.013215,-0.029211,14.558011
0,85327442,0.013645,0.010969,0.997492,15.662984
1,85327560,0.007621,-0.009559,0.998629,12.569060
2,85327579,0.000301,1.013207,-0.029195,14.558011
0,85327697,0.013652,0.010961,0.997484,15.773480
1,85327815,0.007629,-0.009551,0.998613,12.348066
2,85327834,0.000301,1.013223,-0.029141,14.447514
0,85327952,0.013652,0.010980,0.997504,15.662984
1,85328070,0.007613,-0.009562,0.998637,12.458564
2,85328089,0.000309,1.013223,-0.029168,14.779005
0,85328207,0.013637,0.011008,0.997473,15.662984
1,85328325,0.007598,-0.009555,0.998598,12.679558
2,85328344,0.000312,1.013191,-0.029188,14.337016
0,85328462,0.013672,0.011008,0.997488,15.552486
1,85328580,0.007625,-0.009520,0.998641,12.458564
2,85328599,0.000309,1.013188,-0.029219,14.337016
0,85328717,0.013652,0.010980,0.997445,15.773480
1,85328835,0.007605,-0.009523,0.998582,12.569060
2,85328854,0.000309,1.013203,-0.029199,14.447514
0,85328972,0.013668,0.010973,0.997469,15.441989
1,85329090,0.007629,-0.009543,0.998617,12.569060
2,85329109,0.000297,1.013223,-0.029188,14.447514
0,85329227,0.013656,0.010980,0.997488,15.552486
1,85329345,0.007633,-0.009570,0.998633,12.569060
2,85329364,0.000301,1.013211,-0.029223,14.447514
