2,96450471,0.000332,1.013277,-0.029168,15.552486
1,96450501,0.007605,-0.009535,0.998613,13.674033
0,96450597,0.013680,0.010988,0.997520,16.878452
2,96450726,0.000297,1.013258,-0.029145,15.773480
1,96450756,0.007625,-0.009535,0.998598,13.563536
0,96450852,0.013656,0.010984,0.997527,16.657459
2,96450981,0.000320,1.013250,-0.029129,15.773480
1,96451011,0.007598,-0.009562,0.998652,13.674033
0,96451107,0.013676,0.011008,0.997484,16.878452
2,96451236,0.000348,1.013273,-0.029148,15.662984
1,96451266,0.007605,-0.009520,0.998613,13.563536
0,96451362,0.013707,0.010980,0.997484,16.767956
2,96451491,0.000336,1.013301,-0.029098,15.662984
1,96451554,0.007629,-0.009539,0.998629,13.453038
0,96451617,0.013699,0.010984,0.997500,16.767956
2,96451746,0.000340,1.013270,-0.029121,15.773480
1,96451809,0.007605,-0.009547,0.998645,13.453038
0,96451872,0.013672,0.010996,0.997539,16.878452
2,96452001,0.000352,1.013270,-0.029168,15.662984
1,96452064,0.007625,-0.009562,0.998613,13.453038
0,96452127,0.013680,0.011000,0.997547,16.657459
2,96452256,0.000352,1.013281,-0.029172,15.773480
1,96452319,0.007625,-0.009547,0.998617,13.563536
0,96452382,0.013687,0.010973,0.997535,16.657459
2,96452511,0.000328,1.013258,-0.029137,15.662984
1,96452574,0.007645,-0.009562,0.998625,13.674033
0,96452637,0.013691,0.010980,0.997527,16.878452
2,96452766,0.000352,1.013262,-0.029133,15.662984
1,96452829,0.007648,-0.009566,0.998641,13.784531
0,96452892,0.013668,0.010992,0.997480,16.767956
2,96453021,0.000328,1.013246,-0.029105,15.773480
1,96453084,0.007605,-0.009559,0.998668,13.674033
0,96453147,0.013687,0.011000,0.997512,16.657459
2,96453276,0.000328,1.013289,-0.029164,15.662984
1,96453339,0.007652,-0.009566,0.998637,13.895027
0,96453402,0.013684,0.010992,0.997527,16.878452
2,96453531,0.000340,1.013301,-0.029141,15.662984
1,96453594,0.007625,-0.009543,0.998668,13.674033
0,96453624,0.013691,0.010973,0.997570,16.657459
2,96453786,0.000352,1.013277,-0.029145,15.552486
1,96453849,0.007605,-0.009562,0.998633,13.563536
0,96453879,0.013691,0.010977,0.997566,16.767956
2,96454041,0.000348,1.013281,-0.029145,15.662984
1,96454104,0.007621,-0.009523,0.998633,13.563536
0,96454134,0.013699,0.010992,0.997555,16.988951
2,96454296,0.000312,1.013273,-0.029152,15.773480
1,96454359,0.007621,-0.009547,0.998613,13.563536
0,96454389,0.013687,0.010961,0.997559,16.767956
2,96454551,0.000340,1.013250,-0.029129,15.552486
1,96454614,0.007629,-0.009562,0.998605,13.563536
0,96454644,0.013668,0.010965,0.997520,16.878452
2,96454806,0.000352,1.013273,-0.029145,15.441989
1,96454869,0.007633,-0.009551,0.998609,13.674033
0,96454899,0.013695,0.011004,0.997516,16.767956
2,96455061,0.000348,1.013273,-0.029113,15.552486
1,96455124,0.007629,-0.009555,0.998590,13.674033
0,96455154,0.013672,0.011004,0.997523,16.767956
2,96455316,0.000320,1.013281,-0.029137,15.662984
1,96455379,0.007621,-0.009551,0.998617,13.674033
0,96455409,0.013672,0.010973,0.997520,16.657459
