2,62147139,0.000375,1.013285,-0.029148,16.546961
0,62147158,0.013672,0.011008,0.997473,17.651934
1,62147243,0.007660,-0.009535,0.998625,14.447514
2,62147394,0.000391,1.013301,-0.029152,16.657459
0,62147413,0.013703,0.010988,0.997480,17.541437
1,62147498,0.007648,-0.009559,0.998617,14.447514
2,62147649,0.000352,1.013277,-0.029133,16.546961
0,62147668,0.013703,0.010996,0.997469,17.541437
1,62147753,0.007672,-0.009539,0.998613,14.337016
2,62147904,0.000348,1.013262,-0.029094,16.546961
0,62147923,0.013691,0.011016,0.997504,17.541437
1,62148008,0.007664,-0.009543,0.998563,14.337016
2,62148159,0.000340,1.013293,-0.029180,16.436464
0,62148178,0.013691,0.011012,0.997477,17.541437
1,62148263,0.007656,-0.009527,0.998570,14.447514
2,62148414,0.000355,1.013312,-0.029180,16.546961
0,62148433,0.013727,0.011008,0.997516,17.541437
1,62148518,0.007648,-0.009555,0.998637,14.558011
2,62148669,0.000379,1.013297,-0.029164,16.657459
0,62148688,0.013711,0.010992,0.997516,17.541437
1,62148773,0.007656,-0.009520,0.998613,14.447514
2,62148924,0.000352,1.013297,-0.029137,16.436464
0,62148943,0.013684,0.011004,0.997465,17.651934
1,62149028,0.007672,-0.009512,0.998645,14.447514
2,62149179,0.000367,1.013281,-0.029125,16.546961
0,62149198,0.013699,0.010984,0.997508,17.651934
1,62149283,0.007637,-0.009523,0.998656,14.447514
2,62149434,0.000367,1.013289,-0.029145,16.436464
0,62149453,0.013664,0.010996,0.997523,17.541437
1,62149538,0.007625,-0.009516,0.998605,14.447514
2,62149689,0.000363,1.013297,-0.029160,16.436464
0,62149708,0.013703,0.011020,0.997477,17.541437
1,62149793,0.007633,-0.009520,0.998613,14.558011
2,62149944,0.000336,1.013266,-0.029176,16.436464
0,62149963,0.013711,0.011000,0.997520,17.541437
1,62150048,0.007645,-0.009527,0.998609,14.889503
2,62150199,0.000379,1.013301,-0.029145,16.546961
0,62150218,0.013691,0.010996,0.997492,17.541437
1,62150303,0.007621,-0.009535,0.998578,14.558011
2,62150454,0.000359,1.013301,-0.029164,16.436464
0,62150473,0.013652,0.010992,0.997496,17.541437
1,62150558,0.007633,-0.009516,0.998609,14.337016
2,62150709,0.000352,1.013305,-0.029133,16.436464
0,62150728,0.013656,0.010992,0.997496,17.651934
1,62150813,0.007625,-0.009512,0.998578,14.447514
2,62150964,0.000332,1.013305,-0.029129,16.657459
0,62150983,0.013707,0.011000,0.997480,17.651934
1,62151068,0.007625,-0.009500,0.998637,14.447514
0,62151230,0.013691,0.010992,0.997508,17.541437
2,62151260,0.000367,1.013324,-0.029133,16.436464
1,62151323,0.007641,-0.009535,0.998648,14.447514
0,62151485,0.013699,0.010988,0.997516,17.651934
2,62151515,0.000371,1.013316,-0.029145,16.436464
1,62151578,0.007645,-0.009496,0.998605,14.337016
0,62151740,0.013676,0.010988,0.997516,17.651934
2,62151770,0.000336,1.013289,-0.029168,16.436464
1,62151833,0.007656,-0.009508,0.998613,14.558011
0,62151995,0.013684,0.011020,0.997508,17.541437
2,62152025,0.000348,1.013301,-0.029195,16.546961
1,62152088,0.007645,-0.009531,0.998621,14.447514
