0,50093843,0.013734,0.011004,0.997441,18.093924
2,50093939,0.000367,1.013312,-0.029184,16.988951
1,50094035,0.007641,-0.009539,0.998602,14.889503
0,50094098,0.013727,0.010988,0.997457,18.093924
2,50094194,0.000348,1.013332,-0.029168,16.988951
1,50094290,0.007625,-0.009531,0.998602,14.889503
0,50094353,0.013730,0.010984,0.997457,18.093924
2,50094449,0.000336,1.013324,-0.029160,16.988951
1,50094545,0.007645,-0.009535,0.998574,15.000000
0,50094608,0.013723,0.011000,0.997500,17.872929
2,50094704,0.000367,1.013289,-0.029180,16.988951
1,50094800,0.007641,-0.009535,0.998637,14.889503
0,50094863,0.013723,0.010988,0.997496,17.872929
2,50094959,0.000375,1.013277,-0.029164,16.988951
1,50095055,0.007660,-0.009504,0.998633,14.889503
0,50095118,0.013730,0.010992,0.997508,17.983425
2,50095214,0.000395,1.013312,-0.029141,16.988951
1,50095310,0.007609,-0.009527,0.998652,14.889503
0,50095373,0.013754,0.011000,0.997508,18.204420
2,50095469,0.000402,1.013309,-0.029113,16.988951
1,50095565,0.007613,-0.009512,0.998633,15.110497
0,50095628,0.013727,0.011000,0.997504,18.093924
2,50095724,0.000379,1.013301,-0.029121,16.988951
1,50095820,0.007652,-0.009523,0.998621,15.000000
0,50095883,0.013715,0.010996,0.997441,17.872929
2,50095979,0.000375,1.013305,-0.029191,16.878452
1,50096075,0.007617,-0.009512,0.998625,14.889503
0,50096138,0.013727,0.010980,0.997500,17.872929
2,50096234,0.000375,1.013316,-0.029176,16.878452
1,50096330,0.007617,-0.009496,0.998629,15.000000
0,50096393,0.013727,0.011000,0.997473,17.983425
2,50096489,0.000379,1.013316,-0.029184,16.878452
1,50096585,0.007625,-0.009527,0.998637,14.889503
0,50096648,0.013684,0.011012,0.997504,17.983425
2,50096744,0.000363,1.013324,-0.029164,16.988951
1,50096840,0.007633,-0.009504,0.998625,14.889503
0,50096903,0.013715,0.011008,0.997500,17.983425
2,50096999,0.000395,1.013297,-0.029152,16.988951
1,50097095,0.007633,-0.009512,0.998637,14.889503
0,50097158,0.013715,0.010992,0.997473,18.093924
2,50097254,0.000375,1.013309,-0.029156,16.988951
1,50097350,0.007602,-0.009520,0.998621,14.889503
0,50097413,0.013730,0.011004,0.997465,17.983425
2,50097509,0.000344,1.013293,-0.029145,16.988951
1,50097605,0.007641,-0.009523,0.998586,14.889503
0,50097668,0.013727,0.010984,0.997508,17.983425
2,50097764,0.000383,1.013301,-0.029176,16.878452
1,50097860,0.007645,-0.009535,0.998602,15.000000
0,50097923,0.013715,0.010992,0.997520,17.983425
2,50098019,0.000395,1.013301,-0.029188,16.878452
1,50098148,0.007645,-0.009531,0.998578,15.110497
0,50098178,0.013719,0.010980,0.997488,17.872929
2,50098274,0.000363,1.013312,-0.029137,16.878452
1,50098403,0.007656,-0.009539,0.998605,14.889503
0,50098433,0.013707,0.011000,0.997504,18.093924
2,50098529,0.000375,1.013312,-0.029172,16.988951
1,50098658,0.007645,-0.009523,0.998668,14.889503
0,50098688,0.013711,0.011008,0.997512,17.983425
2,50098784,0.000395,1.013289,-0.029195,16.878452
