1,42677040,0.007652,-0.009535,0.998613,15.220995
2,42677059,0.000348,1.013320,-0.029172,17.099447
0,42677177,0.013695,0.010988,0.997477,18.314917
1,42677295,0.007637,-0.009516,0.998598,15.331491
2,42677314,0.000391,1.013289,-0.029156,17.209946
0,42677432,0.013719,0.010953,0.997461,18.425415
1,42677550,0.007637,-0.009527,0.998555,15.110497
2,42677569,0.000363,1.013316,-0.029148,17.209946
0,42677687,0.013707,0.010980,0.997457,18.425415
1,42677805,0.007617,-0.009535,0.998563,15.110497
2,42677824,0.000395,1.013328,-0.029164,17.320442
0,42677942,0.013695,0.010988,0.997504,18.425415
1,42678060,0.007625,-0.009562,0.998582,15.220995
2,42678079,0.000402,1.013316,-0.029152,17.209946
0,42678197,0.013719,0.010973,0.997504,18.314917
1,42678315,0.007645,-0.009574,0.998563,15.220995
2,42678334,0.000414,1.013309,-0.029223,17.209946
0,42678452,0.013730,0.010988,0.997445,18.204420
1,42678570,0.007633,-0.009543,0.998602,15.220995
2,42678589,0.000398,1.013293,-0.029203,17.209946
0,42678707,0.013723,0.011004,0.997492,18.425415
1,42678825,0.007637,-0.009547,0.998613,15.220995
2,42678844,0.000379,1.013312,-0.029172,17.099447
0,42678962,0.013703,0.011000,0.997473,18.314917
1,42679080,0.007645,-0.009508,0.998609,15.110497
2,42679099,0.000379,1.013301,-0.029203,17.209946
0,42679217,0.013715,0.010984,0.997477,18.314917
1,42679335,0.007656,-0.009512,0.998602,15.220995
2,42679354,0.000391,1.013312,-0.029137,17.209946
0,42679472,0.013727,0.010973,0.997473,18.425415
1,42679590,0.007668,-0.009527,0.998574,15.331491
2,42679609,0.000367,1.013316,-0.029156,17.099447
0,42679727,0.013723,0.010969,0.997484,18.646408
1,42679845,0.007648,-0.009504,0.998609,15.220995
2,42679864,0.000375,1.013336,-0.029164,16.988951
0,42679982,0.013727,0.011012,0.997496,17.983425
1,42680100,0.007648,-0.009520,0.998625,15.220995
2,42680119,0.000371,1.013340,-0.029172,17.209946
0,42680237,0.013762,0.010996,0.997469,18.535912
1,42680355,0.007648,-0.009551,0.998605,15.110497
2,42680374,0.000387,1.013332,-0.029156,17.209946
0,42680459,0.013715,0.010984,0.997477,18.425415
1,42680610,0.007668,-0.009555,0.998586,15.220995
2,42680629,0.000379,1.013320,-0.029191,17.430939
0,42680714,0.013703,0.010988,0.997449,18.425415
1,42680865,0.007680,-0.009539,0.998641,15.220995
2,42680884,0.000395,1.013320,-0.029195,17.209946
0,42680969,0.013750,0.010977,0.997473,18.314917
1,42681120,0.007668,-0.009535,0.998641,15.220995
2,42681139,0.000426,1.013316,-0.029180,17.320442
0,42681224,0.013730,0.010973,0.997512,18.535912
1,42681375,0.007668,-0.009516,0.998648,15.441989
2,42681394,0.000414,1.013297,-0.029129,17.430939
0,42681479,0.013727,0.011000,0.997469,18.425415
1,42681630,0.007641,-0.009520,0.998609,15.220995
2,42681649,0.000395,1.013328,-0.029102,17.430939
0,42681734,0.013719,0.010992,0.997496,18.425415
1,42681885,0.007656,-0.009527,0.998582,15.331491
2,42681904,0.000402,1.013312,-0.029168,17.099447
0,42681989,0.013699,0.010988,0.997484,18.314917
