1,91814075,0.007617,-0.009551,0.998609,13.453038
2,91814094,0.000320,1.013266,-0.029098,15.220995
0,91814113,0.013664,0.010996,0.997520,16.657459
1,91814330,0.007652,-0.009574,0.998582,13.453038
2,91814349,0.000328,1.013277,-0.029184,15.552486
0,91814368,0.013687,0.010984,0.997547,16.657459
1,91814585,0.007625,-0.009555,0.998645,13.453038
2,91814604,0.000352,1.013281,-0.029199,15.552486
0,91814623,0.013680,0.010980,0.997539,16.657459
1,91814840,0.007609,-0.009547,0.998598,13.453038
2,91814859,0.000332,1.013285,-0.029176,15.331491
0,91814878,0.013676,0.010980,0.997496,16.436464
1,91815095,0.007617,-0.009539,0.998605,13.453038
2,91815114,0.000332,1.013242,-0.029195,15.552486
0,91815133,0.013699,0.010973,0.997520,16.657459
1,91815350,0.007625,-0.009531,0.998582,13.674033
2,91815369,0.000305,1.013273,-0.029141,15.552486
0,91815388,0.013691,0.010965,0.997508,16.657459
1,91815605,0.007605,-0.009512,0.998605,13.342542
2,91815624,0.000328,1.013285,-0.029137,15.331491
0,91815643,0.013660,0.010980,0.997539,16.657459
1,91815860,0.007613,-0.009562,0.998645,13.453038
2,91815879,0.000324,1.013270,-0.029160,15.220995
0,91815898,0.013680,0.010973,0.997551,16.657459
1,91816115,0.007629,-0.009566,0.998621,13.453038
2,91816134,0.000324,1.013301,-0.029160,15.552486
0,91816153,0.013691,0.010961,0.997535,16.546961
1,91816370,0.007617,-0.009574,0.998586,13.453038
2,91816389,0.000352,1.013289,-0.029164,15.441989
0,91816408,0.013695,0.010949,0.997531,16.657459
1,91816625,0.007621,-0.009520,0.998547,13.563536
2,91816644,0.000348,1.013277,-0.029152,15.331491
0,91816663,0.013676,0.010922,0.997531,16.546961
1,91816880,0.007621,-0.009539,0.998570,13.453038
2,91816899,0.000332,1.013242,-0.029133,15.552486
0,91816918,0.013668,0.010969,0.997559,16.546961
2,91817146,0.000309,1.013270,-0.029164,15.552486
0,91817165,0.013648,0.011000,0.997551,16.657459
1,91817184,0.007602,-0.009527,0.998570,13.453038
2,91817401,0.000316,1.013254,-0.029176,15.220995
0,91817420,0.013684,0.010996,0.997527,16.546961
1,91817439,0.007621,-0.009516,0.998574,13.453038
2,91817656,0.000332,1.013289,-0.029121,15.441989
0,91817675,0.013672,0.010984,0.997508,16.546961
1,91817694,0.007641,-0.009539,0.998590,13.453038
2,91817911,0.000332,1.013266,-0.029090,15.331491
0,91817930,0.013672,0.010965,0.997539,16.657459
1,91817949,0.007625,-0.009543,0.998574,13.453038
2,91818166,0.000340,1.013254,-0.029090,15.441989
0,91818185,0.013684,0.010973,0.997543,16.546961
1,91818204,0.007637,-0.009559,0.998574,13.453038
2,91818421,0.000336,1.013230,-0.029145,15.552486
0,91818440,0.013680,0.010984,0.997508,16.436464
1,91818459,0.007594,-0.009551,0.998625,13.453038
2,91818676,0.000324,1.013277,-0.029148,15.441989
0,91818695,0.013680,0.011008,0.997527,16.546961
1,91818714,0.007648,-0.009547,0.998598,13.453038
2,91818931,0.000352,1.013270,-0.029125,15.441989
0,91818950,0.013652,0.010961,0.997555,16.657459
1,91818969,0.007625,-0.009551,0.998602,13.563536
