2,61219955,0.000395,1.013270,-0.029160,16.546961
1,61220117,0.007625,-0.009539,0.998633,14.558011
0,61220147,0.013684,0.010957,0.997488,17.651934
2,61220210,0.000367,1.013305,-0.029164,16.546961
1,61220372,0.007637,-0.009531,0.998637,14.447514
0,61220402,0.013699,0.010996,0.997496,17.430939
2,61220465,0.000402,1.013281,-0.029105,16.657459
1,61220627,0.007641,-0.009539,0.998605,14.558011
0,61220657,0.013684,0.010984,0.997484,17.651934
2,61220720,0.000375,1.013266,-0.029125,16.436464
1,61220882,0.007625,-0.009543,0.998590,14.447514
0,61220912,0.013703,0.010984,0.997512,17.872929
2,61220975,0.000371,1.013289,-0.029141,16.546961
1,61221137,0.007621,-0.009531,0.998578,14.558011
0,61221167,0.013727,0.011004,0.997516,17.762430
2,61221230,0.000363,1.013270,-0.029188,16.657459
1,61221392,0.007633,-0.009527,0.998590,14.558011
0,61221422,0.013711,0.011000,0.997578,17.762430
2,61221485,0.000332,1.013293,-0.029145,16.546961
1,61221647,0.007621,-0.009539,0.998590,14.558011
0,61221677,0.013680,0.011004,0.997527,17.541437
2,61221740,0.000348,1.013312,-0.029152,16.436464
1,61221902,0.007637,-0.009512,0.998594,14.558011
0,61221932,0.013703,0.010980,0.997516,17.541437
2,61222028,0.000348,1.013289,-0.029172,16.546961
1,61222157,0.007633,-0.009500,0.998563,14.447514
0,61222187,0.013703,0.010969,0.997500,17.651934
2,61222283,0.000348,1.013285,-0.029125,16.436464
1,61222412,0.007629,-0.009547,0.998563,14.558011
0,61222442,0.013695,0.011000,0.997523,17.651934
2,61222538,0.000398,1.013293,-0.029133,16.436464
1,61222667,0.007598,-0.009523,0.998555,14.447514
0,61222697,0.013668,0.010973,0.997488,17.651934
2,61222793,0.000363,1.013277,-0.029168,16.436464
1,61222922,0.007625,-0.009531,0.998602,14.558011
0,61222952,0.013684,0.010980,0.997453,17.541437
2,61223048,0.000344,1.013312,-0.029145,16.657459
1,61223177,0.007648,-0.009547,0.998613,14.668509
0,61223207,0.013703,0.010980,0.997488,17.651934
2,61223303,0.000355,1.013309,-0.029141,16.546961
1,61223432,0.007625,-0.009523,0.998590,14.558011
0,61223462,0.013711,0.010988,0.997496,17.762430
2,61223558,0.000371,1.013297,-0.029152,16.436464
1,61223687,0.007609,-0.009551,0.998598,14.447514
0,61223717,0.013711,0.011000,0.997508,17.430939
2,61223813,0.000375,1.013305,-0.029172,16.546961
1,61223942,0.007648,-0.009555,0.998574,14.447514
0,61223972,0.013684,0.010980,0.997520,17.541437
2,61224068,0.000363,1.013277,-0.029156,16.436464
1,61224197,0.007629,-0.009527,0.998621,14.447514
0,61224227,0.013695,0.010977,0.997496,17.651934
2,61224323,0.000383,1.013301,-0.029172,16.546961
1,61224452,0.007645,-0.009520,0.998598,14.447514
0,61224482,0.013703,0.010961,0.997500,17.651934
2,61224578,0.000371,1.013297,-0.029148,16.546961
1,61224707,0.007633,-0.009531,0.998621,14.558011
0,61224737,0.013695,0.010996,0.997477,17.541437
2,61224833,0.000387,1.013305,-0.029184,16.436464
1,61224962,0.007637,-0.009492,0.998617,14.447514
0,61224992,0.013719,0.010988,0.997484,17.541437
