1,22280134,0.007684,-0.009527,0.998641,16.325968
2,22280153,0.000418,1.013359,-0.029145,18.425415
0,22280238,0.013746,0.011023,0.997496,19.309393
1,22280389,0.007672,-0.009523,0.998637,16.546961
2,22280408,0.000395,1.013391,-0.029125,18.425415
0,22280493,0.013762,0.011000,0.997531,19.530386
1,22280644,0.007656,-0.009523,0.998668,16.325968
2,22280663,0.000398,1.013375,-0.029141,18.425415
0,22280748,0.013762,0.011027,0.997527,19.640884
1,22280899,0.007660,-0.009520,0.998664,16.436464
2,22280918,0.000383,1.013355,-0.029184,18.425415
0,22281003,0.013758,0.011035,0.997484,19.640884
1,22281154,0.007695,-0.009531,0.998641,16.215469
2,22281173,0.000422,1.013344,-0.029191,18.535912
0,22281258,0.013750,0.011023,0.997449,19.419889
1,22281409,0.007672,-0.009520,0.998617,16.436464
2,22281428,0.000430,1.013371,-0.029152,18.535912
0,22281513,0.013770,0.011039,0.997473,19.640884
1,22281664,0.007668,-0.009504,0.998629,16.546961
2,22281683,0.000410,1.013379,-0.029168,18.425415
0,22281768,0.013773,0.011016,0.997480,19.530386
1,22281919,0.007668,-0.009523,0.998672,16.546961
2,22281938,0.000410,1.013359,-0.029168,18.425415
0,22282023,0.013746,0.011008,0.997477,19.419889
1,22282174,0.007652,-0.009539,0.998668,16.215469
2,22282193,0.000414,1.013340,-0.029168,18.425415
0,22282278,0.013777,0.011008,0.997453,19.419889
1,22282462,0.007652,-0.009500,0.998645,16.436464
2,22282481,0.000395,1.013355,-0.029121,18.425415
0,22282533,0.013766,0.011031,0.997461,19.640884
1,22282717,0.007688,-0.009516,0.998617,16.436464
2,22282736,0.000383,1.013359,-0.029113,18.425415
0,22282788,0.013754,0.011012,0.997434,19.419889
1,22282972,0.007695,-0.009520,0.998613,16.215469
2,22282991,0.000387,1.013375,-0.029184,18.425415
0,22283043,0.013750,0.010988,0.997457,19.419889
1,22283227,0.007695,-0.009555,0.998621,16.436464
2,22283246,0.000418,1.013348,-0.029191,18.535912
0,22283298,0.013746,0.010984,0.997477,19.419889
1,22283482,0.007688,-0.009535,0.998629,16.546961
2,22283501,0.000406,1.013359,-0.029207,18.425415
0,22283553,0.013789,0.011020,0.997434,19.530386
1,22283737,0.007672,-0.009520,0.998648,16.436464
2,22283756,0.000395,1.013352,-0.029184,18.425415
0,22283808,0.013801,0.011020,0.997473,19.419889
1,22283992,0.007688,-0.009539,0.998656,16.436464
2,22284011,0.000414,1.013359,-0.029199,18.425415
0,22284063,0.013789,0.011008,0.997465,19.640884
1,22284247,0.007691,-0.009535,0.998645,16.436464
2,22284266,0.000402,1.013355,-0.029199,18.314917
0,22284318,0.013766,0.010977,0.997461,19.640884
1,22284502,0.007668,-0.009512,0.998602,16.436464
2,22284521,0.000406,1.013352,-0.029215,18.425415
0,22284573,0.013762,0.011008,0.997445,19.419889
1,22284757,0.007684,-0.009531,0.998633,16.436464
2,22284776,0.000418,1.013355,-0.029191,18.425415
0,22284828,0.013789,0.010996,0.997445,19.419889
1,22285012,0.007688,-0.009531,0.998637,16.215469
2,22285031,0.000445,1.013359,-0.029168,18.425415
0,22285083,0.013801,0.011027,0.997500,19.640884
