1,80689051,0.007641,-0.009578,0.998574,11.906077
0,80689081,0.013633,0.011000,0.997410,15.110497
2,80689111,0.000266,1.013199,-0.029289,14.005525
1,80689306,0.007613,-0.009562,0.998570,12.016575
0,80689336,0.013609,0.010977,0.997437,14.889503
2,80689366,0.000270,1.013180,-0.029270,14.005525
1,80689561,0.007602,-0.009570,0.998508,12.127071
0,80689591,0.013629,0.011004,0.997402,15.110497
2,80689621,0.000293,1.013172,-0.029258,13.674033
1,80689816,0.007582,-0.009574,0.998523,12.016575
0,80689846,0.013633,0.011012,0.997441,15.110497
2,80689876,0.000312,1.013180,-0.029234,13.895027
1,80690071,0.007598,-0.009547,0.998551,11.906077
0,80690101,0.013637,0.010992,0.997449,15.000000
2,80690131,0.000281,1.013188,-0.029238,13.895027
1,80690326,0.007609,-0.009547,0.998555,12.127071
0,80690356,0.013617,0.011012,0.997453,15.220995
2,80690386,0.000273,1.013195,-0.029262,13.895027
1,80690581,0.007602,-0.009559,0.998555,12.127071
0,80690611,0.013637,0.011012,0.997410,15.220995
2,80690641,0.000266,1.013168,-0.029266,14.005525
1,80690836,0.007629,-0.009566,0.998543,12.016575
0,80690866,0.013641,0.010992,0.997434,15.110497
2,80690896,0.000293,1.013188,-0.029242,14.005525
1,80691091,0.007617,-0.009574,0.998574,12.127071
0,80691121,0.013629,0.010980,0.997414,15.220995
2,80691151,0.000281,1.013160,-0.029203,13.784531
1,80691346,0.007633,-0.009570,0.998594,12.127071
0,80691376,0.013625,0.010980,0.997410,15.110497
2,80691406,0.000266,1.013199,-0.029184,14.005525
1,80691601,0.007594,-0.009570,0.998598,12.127071
0,80691631,0.013602,0.010996,0.997449,15.220995
2,80691661,0.000297,1.013219,-0.029223,13.895027
1,80691856,0.007609,-0.009555,0.998605,12.016575
0,80691886,0.013602,0.010988,0.997414,15.220995
2,80691916,0.000289,1.013168,-0.029230,14.116022
1,80692111,0.007617,-0.009566,0.998547,12.016575
0,80692141,0.013641,0.010992,0.997414,15.000000
2,80692171,0.000293,1.013184,-0.029242,13.895027
1,80692366,0.007605,-0.009586,0.998539,11.906077
0,80692396,0.013637,0.011008,0.997430,15.000000
2,80692426,0.000309,1.013168,-0.029223,13.784531
1,80692621,0.007609,-0.009555,0.998512,12.016575
0,80692651,0.013656,0.011004,0.997484,15.110497
2,80692681,0.000293,1.013176,-0.029215,14.005525
1,80692876,0.007609,-0.009562,0.998547,11.906077
0,80692906,0.013645,0.011012,0.997414,15.110497
2,80692936,0.000316,1.013172,-0.029246,13.784531
1,80693131,0.007598,-0.009574,0.998566,12.016575
0,80693161,0.013637,0.011000,0.997379,15.000000
2,80693191,0.000281,1.013164,-0.029191,14.005525
1,80693386,0.007617,-0.009590,0.998547,12.127071
0,80693416,0.013641,0.011004,0.997391,15.000000
2,80693446,0.000277,1.013195,-0.029254,14.005525
1,80693641,0.007613,-0.009562,0.998543,12.127071
0,80693671,0.013625,0.010988,0.997430,15.220995
2,80693701,0.000297,1.013180,-0.029199,14.005525
1,80693896,0.007609,-0.009559,0.998555,11.906077
0,80693926,0.013656,0.010984,0.997426,14.889503
