0,60292915,0.013730,0.010973,0.997508,17.541437
1,60293000,0.007629,-0.009531,0.998641,14.447514
2,60293052,0.000375,1.013297,-0.029211,16.546961
0,60293170,0.013703,0.010988,0.997492,17.541437
1,60293255,0.007629,-0.009555,0.998609,14.779005
2,60293307,0.000355,1.013316,-0.029133,16.436464
0,60293425,0.013699,0.011004,0.997527,17.541437
1,60293510,0.007633,-0.009531,0.998625,14.447514
2,60293562,0.000383,1.013270,-0.029180,16.657459
0,60293680,0.013703,0.011000,0.997504,17.541437
1,60293765,0.007645,-0.009508,0.998648,14.447514
2,60293817,0.000355,1.013277,-0.029199,16.546961
0,60293935,0.013707,0.010980,0.997520,17.430939
1,60294020,0.007625,-0.009551,0.998609,14.558011
2,60294072,0.000383,1.013293,-0.029164,16.657459
0,60294190,0.013691,0.010980,0.997492,17.651934
1,60294275,0.007613,-0.009543,0.998637,14.447514
2,60294327,0.000367,1.013297,-0.029141,16.657459
0,60294445,0.013707,0.010961,0.997480,17.541437
1,60294530,0.007621,-0.009527,0.998621,14.447514
2,60294582,0.000363,1.013281,-0.029180,16.546961
0,60294700,0.013711,0.010984,0.997488,17.430939
1,60294785,0.007633,-0.009523,0.998574,14.558011
2,60294837,0.000379,1.013270,-0.029184,16.657459
0,60294955,0.013695,0.010988,0.997496,17.541437
1,60295040,0.007641,-0.009555,0.998594,14.558011
2,60295092,0.000387,1.013297,-0.029168,16.657459
0,60295210,0.013695,0.010996,0.997473,17.541437
1,60295295,0.007641,-0.009520,0.998648,14.558011
2,60295347,0.000367,1.013293,-0.029129,16.546961
0,60295465,0.013703,0.010988,0.997484,17.651934
1,60295550,0.007617,-0.009516,0.998609,14.558011
2,60295602,0.000348,1.013266,-0.029188,16.436464
0,60295720,0.013719,0.011000,0.997539,17.541437
1,60295805,0.007656,-0.009531,0.998613,14.558011
2,60295857,0.000355,1.013277,-0.029184,16.546961
0,60295975,0.013699,0.010980,0.997516,17.541437
1,60296060,0.007648,-0.009551,0.998621,14.668509
2,60296112,0.000363,1.013281,-0.029172,16.436464
0,60296230,0.013695,0.010996,0.997496,17.872929
1,60296315,0.007645,-0.009539,0.998605,14.447514
2,60296400,0.000344,1.013270,-0.029191,16.546961
0,60296485,0.013711,0.011008,0.997469,17.541437
1,60296570,0.007645,-0.009523,0.998629,14.447514
2,60296655,0.000352,1.013281,-0.029109,16.436464
0,60296740,0.013707,0.010980,0.997527,17.541437
1,60296825,0.007633,-0.009523,0.998633,14.779005
2,60296910,0.000375,1.013277,-0.029125,16.546961
0,60296995,0.013711,0.010980,0.997477,17.541437
1,60297080,0.007645,-0.009523,0.998621,14.558011
2,60297165,0.000383,1.013266,-0.029137,16.657459
0,60297250,0.013711,0.011000,0.997516,17.541437
1,60297335,0.007645,-0.009531,0.998637,14.668509
2,60297420,0.000359,1.013266,-0.029137,16.657459
0,60297505,0.013723,0.011020,0.997504,17.651934
1,60297590,0.007652,-0.009520,0.998637,14.447514
2,60297675,0.000363,1.013266,-0.029137,16.436464
0,60297760,0.013684,0.011004,0.997500,17.541437
1,60297845,0.007648,-0.009535,0.998621,14.558011
