0,77907612,0.013656,0.011008,0.997480,15.552486
1,77907664,0.007633,-0.009531,0.998492,12.569060
2,77907683,0.000285,1.013223,-0.029254,14.447514
0,77907867,0.013672,0.010980,0.997414,15.662984
1,77907919,0.007629,-0.009551,0.998484,12.569060
2,77907971,0.000309,1.013223,-0.029234,14.558011
0,77908122,0.013668,0.010969,0.997414,15.662984
1,77908174,0.007641,-0.009539,0.998539,12.458564
2,77908226,0.000332,1.013223,-0.029250,14.558011
0,77908377,0.013668,0.011008,0.997441,15.773480
1,77908429,0.007641,-0.009578,0.998504,12.458564
2,77908481,0.000324,1.013230,-0.029219,14.337016
0,77908632,0.013648,0.011000,0.997441,15.552486
1,77908684,0.007629,-0.009551,0.998496,12.569060
2,77908736,0.000305,1.013203,-0.029223,14.447514
0,77908887,0.013672,0.011000,0.997477,15.552486
1,77908939,0.007641,-0.009570,0.998508,12.569060
2,77908991,0.000328,1.013207,-0.029242,14.447514
0,77909142,0.013672,0.011027,0.997449,15.773480
1,77909194,0.007609,-0.009562,0.998523,12.569060
2,77909246,0.000305,1.013199,-0.029242,14.337016
0,77909397,0.013637,0.011000,0.997426,15.441989
1,77909449,0.007625,-0.009566,0.998516,12.569060
2,77909501,0.000301,1.013172,-0.029207,14.447514
0,77909652,0.013676,0.010984,0.997453,15.552486
1,77909704,0.007629,-0.009578,0.998531,12.679558
2,77909756,0.000316,1.013211,-0.029211,14.337016
0,77909907,0.013664,0.010992,0.997453,15.773480
1,77909959,0.007617,-0.009566,0.998516,12.569060
2,77910011,0.000312,1.013195,-0.029254,14.337016
0,77910162,0.013676,0.010984,0.997449,15.552486
1,77910214,0.007605,-0.009578,0.998531,12.569060
2,77910266,0.000301,1.013203,-0.029211,14.337016
0,77910417,0.013684,0.010996,0.997434,15.552486
1,77910469,0.007633,-0.009570,0.998527,12.569060
2,77910521,0.000320,1.013199,-0.029203,14.116022
0,77910672,0.013664,0.010996,0.997441,15.662984
1,77910724,0.007637,-0.009535,0.998531,12.458564
2,77910776,0.000320,1.013211,-0.029246,14.447514
0,77910927,0.013625,0.010992,0.997457,15.662984
1,77910979,0.007625,-0.009516,0.998563,12.348066
2,77911031,0.000289,1.013168,-0.029258,14.447514
0,77911182,0.013645,0.011008,0.997441,15.441989
1,77911234,0.007660,-0.009531,0.998551,12.569060
2,77911286,0.000305,1.013203,-0.029258,14.337016
0,77911437,0.013664,0.011008,0.997461,15.662984
1,77911522,0.007633,-0.009523,0.998543,12.569060
2,77911541,0.000320,1.013180,-0.029227,14.337016
0,77911692,0.013680,0.010984,0.997398,15.662984
1,77911777,0.007625,-0.009574,0.998547,12.569060
2,77911796,0.000305,1.013199,-0.029203,14.447514
0,77911947,0.013656,0.010992,0.997398,15.662984
1,77912032,0.007613,-0.009551,0.998523,12.458564
2,77912051,0.000297,1.013207,-0.029223,14.337016
0,77912202,0.013652,0.011008,0.997430,15.552486
1,77912287,0.007621,-0.009574,0.998531,12.458564
2,77912306,0.000336,1.013199,-0.029238,14.337016
0,77912457,0.013641,0.011012,0.997465,15.662984
1,77912542,0.007637,-0.009547,0.998492,12.348066
2,77912561,0.000320,1.013230,-0.029211,14.337016
