1,79761834,0.007625,-0.009547,0.998531,12.127071
2,79761886,0.000277,1.013184,-0.029203,14.005525
0,79761905,0.013680,0.011008,0.997410,15.220995
1,79762089,0.007629,-0.009516,0.998527,12.127071
2,79762141,0.000305,1.013203,-0.029234,14.226520
0,79762160,0.013648,0.010961,0.997371,15.441989
1,79762344,0.007617,-0.009551,0.998555,12.237569
2,79762396,0.000270,1.013215,-0.029195,14.005525
0,79762415,0.013656,0.010980,0.997398,15.331491
1,79762599,0.007598,-0.009562,0.998586,12.237569
2,79762651,0.000285,1.013211,-0.029203,14.116022
0,79762670,0.013633,0.010996,0.997402,15.110497
1,79762854,0.007637,-0.009555,0.998574,12.237569
2,79762906,0.000277,1.013195,-0.029242,14.116022
0,79762925,0.013637,0.011004,0.997383,15.331491
1,79763109,0.007629,-0.009562,0.998543,12.127071
2,79763161,0.000289,1.013199,-0.029258,14.005525
0,79763180,0.013645,0.010969,0.997414,15.220995
1,79763364,0.007609,-0.009539,0.998547,12.127071
2,79763416,0.000293,1.013195,-0.029270,14.116022
0,79763435,0.013652,0.010980,0.997379,15.220995
1,79763619,0.007621,-0.009559,0.998547,12.127071
2,79763671,0.000293,1.013180,-0.029273,14.116022
0,79763690,0.013668,0.010988,0.997402,15.220995
1,79763874,0.007621,-0.009555,0.998551,12.127071
2,79763926,0.000293,1.013195,-0.029309,14.116022
0,79763945,0.013641,0.010973,0.997422,15.220995
1,79764129,0.007613,-0.009562,0.998590,12.016575
2,79764181,0.000293,1.013191,-0.029254,14.116022
0,79764200,0.013656,0.010988,0.997398,15.220995
1,79764384,0.007609,-0.009574,0.998578,12.237569
2,79764436,0.000270,1.013180,-0.029223,14.005525
0,79764455,0.013633,0.010996,0.997410,15.110497
1,79764639,0.007633,-0.009555,0.998566,12.237569
2,79764691,0.000289,1.013191,-0.029211,14.005525
0,79764710,0.013648,0.010977,0.997426,15.110497
1,79764894,0.007637,-0.009555,0.998543,12.127071
2,79764946,0.000316,1.013191,-0.029219,14.116022
0,79764965,0.013641,0.010988,0.997457,15.331491
1,79765149,0.007629,-0.009543,0.998539,12.127071
2,79765201,0.000305,1.013199,-0.029242,14.005525
0,79765220,0.013645,0.010992,0.997434,15.220995
1,79765404,0.007621,-0.009547,0.998555,12.127071
2,79765456,0.000301,1.013188,-0.029227,14.005525
0,79765475,0.013641,0.010980,0.997422,15.220995
1,79765659,0.007598,-0.009574,0.998570,12.237569
2,79765711,0.000309,1.013180,-0.029242,14.116022
0,79765730,0.013645,0.011000,0.997414,15.110497
1,79765914,0.007605,-0.009562,0.998594,12.127071
2,79765966,0.000305,1.013188,-0.029230,14.005525
0,79765985,0.013625,0.011004,0.997434,15.331491
1,79766169,0.007625,-0.009562,0.998543,12.127071
2,79766221,0.000324,1.013203,-0.029258,14.005525
0,79766240,0.013672,0.010984,0.997426,15.331491
1,79766424,0.007617,-0.009547,0.998563,12.127071
2,79766476,0.000258,1.013199,-0.029219,14.005525
0,79766495,0.013680,0.010969,0.997465,15.220995
1,79766679,0.007617,-0.009570,0.998543,12.237569
2,79766731,0.000289,1.013195,-0.029211,14.116022
0,79766750,0.013676,0.010996,0.997484,15.000000
