0,13936174,0.013785,0.011008,0.997437,19.751381
1,13936292,0.007664,-0.009516,0.998656,16.767956
2,13936311,0.000414,1.013367,-0.029168,18.756907
0,13936429,0.013789,0.011004,0.997480,19.861879
1,13936547,0.007645,-0.009520,0.998703,16.657459
2,13936566,0.000391,1.013391,-0.029168,18.756907
0,13936684,0.013777,0.010980,0.997457,19.751381
1,13936802,0.007676,-0.009547,0.998707,16.657459
2,13936821,0.000426,1.013379,-0.029199,18.756907
0,13936939,0.013766,0.011012,0.997488,19.751381
1,13937057,0.007652,-0.009547,0.998680,16.657459
2,13937076,0.000410,1.013359,-0.029188,18.756907
0,13937194,0.013785,0.011000,0.997520,19.861879
1,13937312,0.007629,-0.009531,0.998660,16.546961
2,13937331,0.000410,1.013375,-0.029184,18.756907
0,13937449,0.013773,0.011023,0.997520,19.751381
1,13937567,0.007641,-0.009504,0.998656,16.657459
2,13937586,0.000441,1.013367,-0.029148,19.088398
0,13937704,0.013758,0.011016,0.997480,19.861879
1,13937822,0.007660,-0.009539,0.998672,16.657459
2,13937841,0.000453,1.013379,-0.029160,18.756907
0,13937959,0.013762,0.011004,0.997512,19.861879
1,13938077,0.007648,-0.009523,0.998641,16.546961
2,13938096,0.000438,1.013391,-0.029152,18.756907
0,13938214,0.013750,0.011004,0.997465,19.861879
1,13938332,0.007637,-0.009535,0.998684,16.546961
2,13938351,0.000430,1.013379,-0.029188,18.756907
0,13938469,0.013750,0.011027,0.997492,19.751381
1,13938587,0.007668,-0.009527,0.998664,16.878452
2,13938606,0.000418,1.013367,-0.029207,18.756907
0,13938724,0.013789,0.011008,0.997477,19.861879
1,13938842,0.007680,-0.009520,0.998684,16.657459
2,13938861,0.000434,1.013332,-0.029188,18.646408
0,13938979,0.013770,0.010973,0.997484,19.861879
1,13939097,0.007656,-0.009527,0.998672,16.657459
2,13939116,0.000418,1.013352,-0.029180,18.646408
0,13939234,0.013793,0.011012,0.997484,19.861879
1,13939352,0.007637,-0.009512,0.998629,16.657459
2,13939371,0.000406,1.013352,-0.029148,18.756907
0,13939489,0.013777,0.011012,0.997484,19.861879
1,13939607,0.007629,-0.009551,0.998637,16.767956
2,13939626,0.000441,1.013383,-0.029207,18.756907
0,13939744,0.013785,0.010996,0.997527,19.751381
1,13939862,0.007641,-0.009547,0.998664,16.657459
2,13939881,0.000441,1.013371,-0.029180,18.756907
0,13939999,0.013754,0.010980,0.997453,19.751381
1,13940117,0.007629,-0.009512,0.998668,16.657459
2,13940136,0.000395,1.013352,-0.029199,18.756907
0,13940254,0.013793,0.010996,0.997484,19.972376
1,13940372,0.007648,-0.009508,0.998688,16.657459
2,13940391,0.000406,1.013371,-0.029141,18.867403
0,13940509,0.013805,0.010992,0.997508,19.751381
1,13940627,0.007633,-0.009535,0.998656,16.767956
2,13940646,0.000379,1.013371,-0.029168,18.756907
0,13940764,0.013777,0.010996,0.997492,19.861879
1,13940882,0.007633,-0.009512,0.998648,16.657459
2,13940901,0.000406,1.013375,-0.029184,18.756907
0,13941019,0.013773,0.011012,0.997422,19.751381
1,13941137,0.007645,-0.009539,0.998660,16.767956
2,13941156,0.000449,1.013367,-0.029207,18.646408
