2,51021048,0.000383,1.013277,-0.029145,16.988951
0,51021067,0.013742,0.011004,0.997504,17.872929
1,51021185,0.007672,-0.009520,0.998605,14.889503
2,51021303,0.000383,1.013312,-0.029121,16.878452
0,51021322,0.013738,0.011000,0.997492,17.872929
1,51021440,0.007656,-0.009539,0.998621,14.889503
2,51021558,0.000359,1.013316,-0.029129,16.988951
0,51021577,0.013750,0.010988,0.997563,17.983425
1,51021695,0.007645,-0.009539,0.998629,14.779005
2,51021813,0.000352,1.013309,-0.029176,16.767956
0,51021832,0.013734,0.010977,0.997523,17.983425
1,51021950,0.007629,-0.009520,0.998637,14.889503
2,51022068,0.000367,1.013309,-0.029152,16.988951
0,51022087,0.013750,0.010977,0.997512,17.983425
1,51022205,0.007668,-0.009520,0.998625,14.889503
2,51022323,0.000383,1.013297,-0.029117,16.988951
0,51022342,0.013734,0.011008,0.997492,17.983425
1,51022460,0.007648,-0.009531,0.998641,14.889503
2,51022578,0.000375,1.013301,-0.029117,16.657459
0,51022597,0.013727,0.011004,0.997469,17.872929
1,51022715,0.007641,-0.009531,0.998629,14.889503
2,51022833,0.000363,1.013293,-0.029168,16.988951
0,51022852,0.013711,0.010988,0.997500,17.983425
1,51022970,0.007648,-0.009527,0.998570,14.889503
2,51023088,0.000379,1.013305,-0.029156,16.988951
0,51023107,0.013734,0.010996,0.997480,17.983425
1,51023225,0.007660,-0.009523,0.998594,14.889503
2,51023343,0.000375,1.013293,-0.029203,16.767956
0,51023362,0.013719,0.011008,0.997500,17.983425
1,51023480,0.007648,-0.009523,0.998621,14.889503
2,51023598,0.000359,1.013285,-0.029172,16.988951
0,51023617,0.013723,0.010973,0.997520,17.872929
1,51023735,0.007660,-0.009531,0.998594,14.889503
2,51023853,0.000340,1.013309,-0.029191,16.878452
0,51023872,0.013711,0.010988,0.997492,18.093924
1,51023990,0.007676,-0.009559,0.998621,14.889503
2,51024108,0.000355,1.013305,-0.029148,16.878452
0,51024127,0.013727,0.011000,0.997477,17.983425
1,51024245,0.007629,-0.009539,0.998645,14.779005
2,51024363,0.000348,1.013301,-0.029145,16.988951
0,51024382,0.013734,0.011016,0.997465,17.872929
1,51024500,0.007625,-0.009531,0.998621,14.889503
2,51024618,0.000375,1.013285,-0.029168,16.878452
0,51024637,0.013730,0.011004,0.997492,17.872929
1,51024755,0.007625,-0.009527,0.998605,14.889503
2,51024873,0.000375,1.013293,-0.029188,16.988951
0,51024892,0.013754,0.010969,0.997473,18.093924
1,51025010,0.007625,-0.009516,0.998574,15.000000
2,51025128,0.000355,1.013309,-0.029168,16.878452
0,51025147,0.013746,0.010988,0.997484,18.093924
1,51025265,0.007648,-0.009523,0.998594,14.889503
2,51025383,0.000352,1.013301,-0.029133,16.878452
0,51025402,0.013738,0.010988,0.997469,17.872929
1,51025520,0.007648,-0.009535,0.998648,14.889503
2,51025638,0.000363,1.013320,-0.029145,16.988951
0,51025657,0.013738,0.010984,0.997457,17.983425
1,51025775,0.007637,-0.009551,0.998633,14.889503
0,51025904,0.013727,0.010973,0.997449,17.983425
2,51025934,0.000359,1.013305,-0.029109,16.878452
1,51026030,0.007672,-0.009539,0.998629,15.110497
