1,9300839,0.007652,-0.009527,0.998637,16.988951
0,9300869,0.013781,0.010977,0.997469,20.082872
2,9300932,0.000430,1.013367,-0.029184,19.088398
1,9301094,0.007672,-0.009516,0.998625,16.878452
0,9301124,0.013770,0.011008,0.997473,20.082872
2,9301187,0.000418,1.013375,-0.029160,18.977901
1,9301349,0.007648,-0.009535,0.998641,16.988951
0,9301379,0.013797,0.010969,0.997461,20.082872
2,9301442,0.000406,1.013402,-0.029156,18.977901
0,9301626,0.013789,0.010965,0.997453,20.193371
1,9301645,0.007648,-0.009520,0.998602,16.878452
2,9301697,0.000426,1.013398,-0.029180,18.867403
0,9301881,0.013781,0.010992,0.997449,19.861879
1,9301900,0.007668,-0.009527,0.998637,16.988951
2,9301952,0.000434,1.013359,-0.029176,19.088398
0,9302136,0.013793,0.011004,0.997469,20.193371
1,9302155,0.007688,-0.009512,0.998609,16.767956
2,9302207,0.000430,1.013406,-0.029125,18.977901
0,9302391,0.013797,0.011008,0.997480,20.193371
1,9302410,0.007660,-0.009508,0.998590,16.988951
2,9302462,0.000445,1.013359,-0.029203,18.867403
0,9302646,0.013758,0.011000,0.997508,20.082872
1,9302665,0.007691,-0.009500,0.998586,16.878452
2,9302717,0.000422,1.013371,-0.029176,19.088398
0,9302868,0.013766,0.010992,0.997492,20.193371
1,9302887,0.007691,-0.009527,0.998633,16.878452
2,9302972,0.000414,1.013379,-0.029172,18.977901
0,9303123,0.013766,0.010984,0.997469,20.082872
1,9303142,0.007672,-0.009516,0.998656,17.099447
2,9303227,0.000422,1.013383,-0.029160,19.088398
0,9303378,0.013801,0.010996,0.997441,20.082872
1,9303397,0.007680,-0.009543,0.998637,16.988951
2,9303482,0.000445,1.013355,-0.029164,19.088398
0,9303633,0.013797,0.011008,0.997488,20.193371
1,9303652,0.007672,-0.009512,0.998617,16.878452
2,9303737,0.000418,1.013363,-0.029176,19.088398
0,9303888,0.013805,0.010980,0.997488,20.193371
1,9303907,0.007648,-0.009516,0.998633,16.988951
2,9303992,0.000445,1.013387,-0.029176,19.198895
0,9304143,0.013789,0.010988,0.997469,20.082872
1,9304162,0.007664,-0.009523,0.998625,16.878452
2,9304247,0.000457,1.013406,-0.029160,19.198895
0,9304398,0.013781,0.011004,0.997484,20.193371
1,9304417,0.007672,-0.009520,0.998688,16.988951
2,9304535,0.000426,1.013383,-0.029199,18.867403
0,9304653,0.013813,0.010988,0.997488,20.193371
1,9304672,0.007637,-0.009535,0.998684,16.988951
2,9304790,0.000422,1.013363,-0.029188,18.977901
0,9304908,0.013793,0.011016,0.997504,20.193371
1,9304960,0.007660,-0.009520,0.998656,16.657459
2,9305045,0.000414,1.013379,-0.029168,18.977901
0,9305163,0.013789,0.011039,0.997500,19.861879
1,9305215,0.007676,-0.009512,0.998598,16.878452
2,9305300,0.000398,1.013359,-0.029184,19.198895
0,9305418,0.013805,0.011023,0.997504,20.193371
1,9305470,0.007660,-0.009504,0.998602,16.988951
2,9305555,0.000414,1.013387,-0.029176,19.088398
0,9305673,0.013805,0.011008,0.997488,20.082872
1,9305725,0.007676,-0.009531,0.998605,16.988951
2,9305810,0.000422,1.013359,-0.029176,19.088398
