1,41750186,0.007648,-0.009547,0.998621,15.220995
2,41750205,0.000367,1.013312,-0.029203,17.320442
0,41750224,0.013715,0.011008,0.997477,18.535912
1,41750441,0.007637,-0.009535,0.998629,15.110497
2,41750460,0.000367,1.013301,-0.029121,17.209946
0,41750479,0.013707,0.010996,0.997457,18.314917
1,41750696,0.007629,-0.009523,0.998609,15.220995
2,41750715,0.000410,1.013316,-0.029125,17.430939
0,41750734,0.013746,0.010969,0.997465,18.314917
1,41750951,0.007645,-0.009559,0.998637,15.220995
2,41750970,0.000406,1.013305,-0.029168,17.099447
0,41750989,0.013727,0.010977,0.997457,18.425415
1,41751206,0.007637,-0.009539,0.998621,15.220995
2,41751225,0.000391,1.013316,-0.029227,17.209946
0,41751244,0.013719,0.011000,0.997449,18.314917
1,41751461,0.007621,-0.009520,0.998582,15.220995
2,41751480,0.000375,1.013309,-0.029184,17.209946
0,41751499,0.013715,0.011004,0.997484,18.425415
1,41751716,0.007625,-0.009535,0.998605,15.220995
2,41751735,0.000387,1.013324,-0.029184,17.209946
0,41751754,0.013707,0.010996,0.997496,18.314917
1,41751971,0.007648,-0.009559,0.998609,15.331491
2,41751990,0.000359,1.013312,-0.029160,17.320442
0,41752009,0.013691,0.010992,0.997492,18.425415
1,41752226,0.007648,-0.009535,0.998605,15.220995
2,41752245,0.000344,1.013316,-0.029203,17.430939
0,41752264,0.013691,0.010988,0.997484,18.425415
1,41752481,0.007633,-0.009535,0.998621,15.441989
2,41752500,0.000367,1.013301,-0.029184,17.320442
0,41752519,0.013711,0.011016,0.997523,18.314917
1,41752736,0.007633,-0.009527,0.998621,15.331491
2,41752755,0.000359,1.013309,-0.029172,17.430939
0,41752774,0.013703,0.010984,0.997523,18.314917
1,41752991,0.007625,-0.009523,0.998637,15.220995
2,41753010,0.000359,1.013297,-0.029211,17.209946
0,41753029,0.013719,0.010969,0.997477,18.314917
1,41753246,0.007637,-0.009520,0.998605,15.331491
2,41753265,0.000391,1.013305,-0.029176,17.099447
0,41753284,0.013715,0.011012,0.997488,18.425415
1,41753501,0.007641,-0.009523,0.998613,15.220995
2,41753520,0.000379,1.013301,-0.029164,17.209946
0,41753539,0.013711,0.011004,0.997504,18.425415
1,41753756,0.007637,-0.009543,0.998555,15.331491
2,41753775,0.000375,1.013309,-0.029164,17.209946
0,41753794,0.013715,0.011000,0.997461,18.425415
1,41754011,0.007625,-0.009555,0.998617,15.220995
2,41754030,0.000402,1.013305,-0.029180,17.320442
0,41754049,0.013723,0.010980,0.997520,18.425415
1,41754266,0.007629,-0.009562,0.998609,15.110497
2,41754285,0.000371,1.013305,-0.029172,17.320442
0,41754304,0.013687,0.010980,0.997473,18.314917
1,41754521,0.007637,-0.009547,0.998594,15.110497
2,41754540,0.000344,1.013332,-0.029164,17.209946
0,41754559,0.013730,0.010973,0.997492,18.425415
0,41754798,0.013742,0.010980,0.997469,18.425415
1,41754817,0.007641,-0.009543,0.998652,15.220995
2,41754836,0.000359,1.013316,-0.029148,17.320442
0,41755053,0.013727,0.010980,0.997520,18.314917
1,41755072,0.007660,-0.009547,0.998629,15.220995
2,41755091,0.000379,1.013305,-0.029125,17.099447
