2,36187568,0.000352,1.013324,-0.029152,17.541437
0,36187620,0.013719,0.010996,0.997484,18.646408
1,36187672,0.007672,-0.009539,0.998586,15.552486
2,36187823,0.000371,1.013340,-0.029125,17.541437
0,36187875,0.013746,0.011020,0.997477,18.535912
1,36187927,0.007645,-0.009535,0.998609,15.331491
2,36188078,0.000367,1.013332,-0.029098,17.430939
0,36188130,0.013742,0.011012,0.997527,18.646408
1,36188182,0.007660,-0.009520,0.998652,15.662984
2,36188333,0.000383,1.013324,-0.029102,17.430939
0,36188385,0.013723,0.011020,0.997531,18.535912
1,36188437,0.007641,-0.009516,0.998613,15.552486
2,36188588,0.000379,1.013293,-0.029145,17.651934
0,36188640,0.013730,0.011012,0.997539,18.646408
1,36188692,0.007680,-0.009551,0.998629,15.441989
2,36188843,0.000371,1.013316,-0.029168,17.541437
0,36188895,0.013723,0.011008,0.997520,18.646408
1,36188947,0.007668,-0.009574,0.998621,15.552486
2,36189098,0.000402,1.013312,-0.029125,17.541437
0,36189150,0.013750,0.011004,0.997457,18.535912
1,36189202,0.007676,-0.009523,0.998613,15.552486
2,36189353,0.000398,1.013309,-0.029160,17.541437
0,36189405,0.013758,0.011016,0.997496,18.535912
1,36189457,0.007684,-0.009531,0.998609,15.441989
2,36189608,0.000363,1.013309,-0.029160,17.541437
0,36189660,0.013711,0.011016,0.997504,18.646408
1,36189745,0.007637,-0.009566,0.998617,15.441989
2,36189863,0.000387,1.013328,-0.029105,17.541437
0,36189915,0.013723,0.011008,0.997480,18.646408
1,36190000,0.007664,-0.009555,0.998645,15.552486
2,36190118,0.000375,1.013316,-0.029152,17.541437
0,36190170,0.013730,0.011000,0.997504,18.646408
1,36190255,0.007645,-0.009523,0.998645,15.662984
2,36190373,0.000375,1.013320,-0.029152,17.541437
0,36190425,0.013707,0.011008,0.997434,18.535912
1,36190510,0.007637,-0.009531,0.998637,15.662984
2,36190628,0.000387,1.013344,-0.029199,17.541437
0,36190680,0.013734,0.011012,0.997500,18.535912
1,36190765,0.007637,-0.009539,0.998621,15.552486
2,36190883,0.000387,1.013309,-0.029207,17.541437
0,36190935,0.013754,0.010988,0.997504,18.646408
1,36191020,0.007652,-0.009527,0.998621,15.552486
2,36191138,0.000379,1.013340,-0.029172,17.541437
0,36191190,0.013742,0.010992,0.997465,18.756907
1,36191275,0.007703,-0.009551,0.998574,15.552486
2,36191393,0.000391,1.013328,-0.029133,17.541437
0,36191445,0.013738,0.010992,0.997477,18.535912
1,36191530,0.007637,-0.009547,0.998602,15.552486
2,36191648,0.000371,1.013348,-0.029141,17.430939
0,36191667,0.013730,0.010988,0.997488,18.646408
1,36191785,0.007648,-0.009535,0.998605,15.552486
2,36191903,0.000363,1.013355,-0.029145,17.430939
0,36191922,0.013742,0.011020,0.997488,18.646408
1,36192040,0.007648,-0.009535,0.998617,15.441989
2,36192158,0.000367,1.013352,-0.029148,17.541437
0,36192177,0.013766,0.011012,0.997480,18.646408
1,36192295,0.007664,-0.009527,0.998641,15.552486
2,36192413,0.000355,1.013324,-0.029156,17.430939
0,36192432,0.013758,0.011000,0.997527,18.756907
