1,16717438,0.007672,-0.009527,0.998676,16.546961
0,16717468,0.013773,0.010977,0.997477,19.640884
2,16717498,0.000422,1.013375,-0.029160,18.646408
1,16717693,0.007668,-0.009523,0.998660,16.767956
0,16717723,0.013762,0.011008,0.997437,19.640884
2,16717753,0.000426,1.013367,-0.029117,18.646408
1,16717948,0.007648,-0.009500,0.998617,16.436464
0,16717978,0.013785,0.010980,0.997457,19.751381
2,16718008,0.000426,1.013379,-0.029133,18.535912
1,16718203,0.007641,-0.009508,0.998660,16.546961
0,16718233,0.013781,0.010996,0.997480,19.751381
2,16718263,0.000426,1.013367,-0.029152,18.646408
1,16718458,0.007648,-0.009504,0.998699,16.436464
0,16718488,0.013750,0.011051,0.997477,19.861879
2,16718518,0.000410,1.013367,-0.029184,18.646408
1,16718713,0.007660,-0.009520,0.998699,16.657459
0,16718743,0.013754,0.011016,0.997457,19.640884
2,16718773,0.000422,1.013363,-0.029160,18.425415
1,16718968,0.007652,-0.009512,0.998664,16.546961
0,16718998,0.013773,0.010984,0.997453,19.640884
2,16719028,0.000414,1.013355,-0.029176,18.756907
1,16719223,0.007680,-0.009535,0.998660,16.657459
0,16719253,0.013797,0.011016,0.997504,19.751381
2,16719283,0.000426,1.013359,-0.029137,18.646408
1,16719478,0.007695,-0.009547,0.998672,16.546961
0,16719508,0.013777,0.011012,0.997480,19.751381
2,16719538,0.000430,1.013375,-0.029160,18.756907
1,16719733,0.007672,-0.009547,0.998656,16.767956
0,16719763,0.013801,0.010996,0.997496,19.640884
2,16719793,0.000426,1.013387,-0.029168,18.756907
1,16719988,0.007664,-0.009547,0.998648,16.657459
0,16720018,0.013766,0.010996,0.997461,19.640884
2,16720048,0.000434,1.013359,-0.029180,18.646408
1,16720243,0.007641,-0.009531,0.998633,16.546961
0,16720273,0.013781,0.011008,0.997484,19.640884
2,16720303,0.000426,1.013344,-0.029133,18.646408
1,16720498,0.007637,-0.009523,0.998664,16.546961
0,16720528,0.013773,0.011020,0.997480,19.751381
2,16720558,0.000426,1.013367,-0.029141,18.756907
1,16720753,0.007660,-0.009512,0.998664,16.657459
0,16720783,0.013789,0.011008,0.997469,19.640884
2,16720813,0.000422,1.013375,-0.029121,18.535912
1,16721008,0.007680,-0.009555,0.998645,16.767956
0,16721038,0.013785,0.011004,0.997496,19.861879
2,16721068,0.000422,1.013359,-0.029164,18.756907
1,16721263,0.007668,-0.009527,0.998625,16.657459
0,16721293,0.013785,0.011027,0.997465,19.861879
2,16721323,0.000434,1.013359,-0.029172,18.756907
1,16721518,0.007676,-0.009535,0.998672,16.546961
0,16721548,0.013766,0.010996,0.997453,19.751381
2,16721578,0.000449,1.013371,-0.029184,18.756907
1,16721773,0.007660,-0.009523,0.998574,16.436464
0,16721803,0.013758,0.011012,0.997457,19.640884
2,16721833,0.000430,1.013355,-0.029141,18.425415
1,16722028,0.007672,-0.009523,0.998590,16.657459
0,16722058,0.013801,0.010988,0.997484,19.751381
2,16722088,0.000422,1.013375,-0.029199,18.756907
1,16722283,0.007641,-0.009508,0.998660,16.436464
0,16722313,0.013813,0.011004,0.997488,19.640884
2,16722343,0.000438,1.013352,-0.029172,18.646408
