0,84397239,0.013625,0.011008,0.997492,15.331491
1,84397258,0.007621,-0.009527,0.998574,12.237569
2,84397277,0.000332,1.013168,-0.029223,14.337016
0,84397494,0.013621,0.010996,0.997496,15.441989
1,84397513,0.007637,-0.009535,0.998590,12.569060
2,84397532,0.000328,1.013164,-0.029211,14.337016
0,84397749,0.013672,0.010992,0.997512,15.220995
1,84397768,0.007645,-0.009543,0.998551,12.348066
2,84397787,0.000316,1.013199,-0.029223,14.337016
0,84398004,0.013703,0.010977,0.997504,15.331491
1,84398023,0.007629,-0.009562,0.998516,12.237569
2,84398042,0.000289,1.013215,-0.029203,14.447514
0,84398226,0.013660,0.010977,0.997469,15.331491
1,84398278,0.007617,-0.009535,0.998574,12.348066
2,84398297,0.000289,1.013219,-0.029184,14.337016
0,84398481,0.013660,0.010988,0.997473,15.331491
1,84398533,0.007641,-0.009555,0.998602,12.348066
2,84398552,0.000289,1.013184,-0.029215,14.337016
0,84398736,0.013656,0.011016,0.997457,15.220995
1,84398788,0.007641,-0.009555,0.998547,12.237569
2,84398807,0.000324,1.013188,-0.029223,14.337016
0,84398991,0.013684,0.010988,0.997492,15.552486
1,84399043,0.007652,-0.009566,0.998590,12.458564
2,84399062,0.000328,1.013227,-0.029191,14.005525
0,84399246,0.013648,0.011000,0.997520,15.331491
1,84399298,0.007625,-0.009566,0.998598,12.348066
2,84399317,0.000328,1.013203,-0.029176,14.337016
0,84399501,0.013633,0.011012,0.997480,15.331491
1,84399553,0.007633,-0.009527,0.998543,12.348066
2,84399572,0.000305,1.013184,-0.029234,14.116022
0,84399756,0.013656,0.010977,0.997496,15.441989
1,84399808,0.007617,-0.009547,0.998523,12.237569
2,84399827,0.000316,1.013230,-0.029258,14.337016
0,84400011,0.013687,0.010996,0.997492,15.220995
1,84400063,0.007617,-0.009527,0.998605,12.348066
2,84400082,0.000309,1.013184,-0.029219,14.337016
0,84400266,0.013645,0.011016,0.997531,15.220995
1,84400318,0.007617,-0.009570,0.998570,12.458564
2,84400337,0.000309,1.013195,-0.029230,14.337016
0,84400521,0.013633,0.011027,0.997500,15.552486
1,84400573,0.007609,-0.009566,0.998527,12.348066
2,84400592,0.000301,1.013191,-0.029172,14.226520
0,84400776,0.013629,0.010992,0.997496,15.331491
1,84400828,0.007625,-0.009547,0.998582,12.569060
2,84400880,0.000285,1.013203,-0.029168,14.337016
0,84401031,0.013629,0.011004,0.997504,15.441989
1,84401083,0.007629,-0.009551,0.998605,12.237569
2,84401135,0.000316,1.013203,-0.029215,14.447514
0,84401286,0.013664,0.010988,0.997492,15.331491
1,84401338,0.007625,-0.009574,0.998582,12.569060
2,84401390,0.000316,1.013219,-0.029215,14.337016
0,84401541,0.013633,0.010969,0.997508,15.331491
1,84401593,0.007590,-0.009566,0.998594,12.237569
2,84401645,0.000328,1.013199,-0.029219,14.337016
0,84401796,0.013648,0.010973,0.997492,15.441989
1,84401848,0.007609,-0.009574,0.998590,12.348066
2,84401900,0.000297,1.013195,-0.029180,14.337016
0,84402051,0.013680,0.010988,0.997504,15.552486
1,84402103,0.007645,-0.009574,0.998594,12.348066
2,84402155,0.000281,1.013203,-0.029215,14.226520
