2,48239672,0.000379,1.013332,-0.029105,16.988951
0,48239691,0.013707,0.010953,0.997465,18.093924
1,48239776,0.007641,-0.009516,0.998598,15.220995
2,48239927,0.000352,1.013301,-0.029148,16.988951
0,48239946,0.013723,0.011000,0.997480,17.983425
1,48240031,0.007625,-0.009547,0.998629,15.000000
2,48240182,0.000367,1.013336,-0.029195,16.988951
0,48240201,0.013730,0.010980,0.997500,18.093924
1,48240286,0.007641,-0.009535,0.998609,14.889503
2,48240437,0.000352,1.013328,-0.029188,17.099447
0,48240456,0.013758,0.010980,0.997492,18.093924
1,48240541,0.007660,-0.009516,0.998605,15.110497
2,48240692,0.000336,1.013336,-0.029176,17.209946
0,48240711,0.013746,0.010988,0.997520,17.983425
1,48240796,0.007621,-0.009555,0.998625,14.779005
2,48240947,0.000359,1.013332,-0.029156,16.988951
0,48240966,0.013742,0.011008,0.997480,18.093924
1,48241084,0.007633,-0.009527,0.998629,15.110497
2,48241202,0.000387,1.013312,-0.029113,16.878452
0,48241221,0.013730,0.011008,0.997461,17.983425
1,48241339,0.007664,-0.009500,0.998605,15.110497
2,48241457,0.000383,1.013316,-0.029176,16.988951
0,48241476,0.013742,0.010992,0.997477,18.093924
1,48241594,0.007629,-0.009500,0.998570,15.110497
2,48241712,0.000359,1.013336,-0.029125,17.099447
0,48241731,0.013703,0.010996,0.997457,18.093924
1,48241849,0.007625,-0.009547,0.998602,14.889503
2,48241967,0.000379,1.013340,-0.029152,16.988951
0,48241986,0.013703,0.011020,0.997477,17.983425
1,48242104,0.007656,-0.009539,0.998598,15.220995
0,48242233,0.013723,0.010980,0.997426,18.314917
2,48242263,0.000363,1.013320,-0.029160,16.988951
1,48242359,0.007672,-0.009520,0.998621,15.000000
0,48242488,0.013750,0.010992,0.997473,18.093924
2,48242518,0.000367,1.013332,-0.029176,16.988951
1,48242614,0.007625,-0.009539,0.998633,15.000000
0,48242743,0.013730,0.010977,0.997473,18.093924
2,48242773,0.000375,1.013324,-0.029168,16.988951
1,48242869,0.007641,-0.009516,0.998598,15.000000
0,48242998,0.013707,0.010996,0.997508,18.093924
2,48243028,0.000348,1.013297,-0.029176,16.988951
1,48243124,0.007656,-0.009496,0.998594,15.110497
0,48243253,0.013707,0.010977,0.997492,18.314917
2,48243283,0.000379,1.013285,-0.029188,16.878452
1,48243379,0.007664,-0.009488,0.998625,15.000000
0,48243508,0.013727,0.010992,0.997539,17.983425
2,48243538,0.000359,1.013277,-0.029199,16.988951
1,48243634,0.007617,-0.009496,0.998645,15.110497
0,48243763,0.013707,0.010984,0.997512,17.983425
2,48243793,0.000348,1.013293,-0.029141,16.988951
1,48243889,0.007660,-0.009508,0.998637,15.000000
0,48244018,0.013707,0.010992,0.997504,17.983425
2,48244048,0.000355,1.013312,-0.029172,16.988951
1,48244144,0.007645,-0.009523,0.998625,15.110497
0,48244273,0.013723,0.011012,0.997504,17.983425
2,48244303,0.000355,1.013332,-0.029176,17.099447
1,48244399,0.007656,-0.009535,0.998641,15.110497
0,48244528,0.013727,0.010992,0.997465,17.983425
2,48244558,0.000383,1.013324,-0.029195,17.099447
1,48244654,0.007645,-0.009551,0.998598,15.220995
