0,88105537,0.013664,0.010992,0.91,88105589,0.007613,-0.009547,0.998598,13.011049
2,88105608,0.000316,1.013246,-0.029188,14.889503
0,88105792,0.013652,0.010996,0.997496,16.215469
1,88105844,0.007609,-0.009539,0.998617,13.011049
2,88105863,0.000328,1.013234,-0.029219,14.889503
0,88106047,0.013664,0.011008,0.997539,16.104973
1,88106099,0.007598,-0.009520,0.998633,13.121547
2,88106118,0.000312,1.013254,-0.029145,15.110497
0,88106302,0.013672,0.011004,0.997539,16.104973
1,88106354,0.007621,-0.009535,0.998609,13.121547
2,88106373,0.000316,1.013277,-0.029176,14.889503
0,88106557,0.013656,0.010984,0.997543,16.104973
1,88106609,0.007613,-0.009527,0.998574,13.121547
2,88106628,0.000324,1.013254,-0.029191,15.000000
0,88106812,0.013668,0.010988,0.997527,15.994475
1,88106864,0.007602,-0.009555,0.998582,13.121547
2,88106883,0.000332,1.013211,-0.029172,15.110497
0,88107067,0.013676,0.010965,0.997504,16.104973
1,88107119,0.007629,-0.009582,0.998590,13.121547
2,88107138,0.000355,1.013223,-0.029168,14.889503
0,88107322,0.013668,0.010992,0.997543,15.883978
1,88107374,0.007602,-0.009562,0.998598,13.121547
2,88107393,0.000344,1.013250,-0.029133,14.889503
0,88107577,0.013668,0.010961,0.997527,16.104973
1,88107629,0.007598,-0.009547,0.998609,12.790055
2,88107648,0.000352,1.013219,-0.029160,15.220995
0,88107832,0.013672,0.011000,0.997492,16.104973
1,88107884,0.007617,-0.009551,0.998590,13.011049
2,88107903,0.000312,1.013234,-0.029184,15.110497
0,88108087,0.013656,0.011004,0.997527,16.104973
1,88108139,0.007613,-0.009539,0.998605,13.121547
2,88108158,0.000312,1.013219,-0.029172,15.000000
0,88108309,0.013668,0.011008,0.997594,16.104973
1,88108394,0.007625,-0.009551,0.998648,13.011049
2,88108413,0.000316,1.013219,-0.029199,15.220995
0,88108564,0.013672,0.010980,0.997520,16.104973
1,88108649,0.007613,-0.009516,0.998594,12.900553
2,88108668,0.000320,1.013254,-0.029191,15.220995
0,88108819,0.013680,0.010988,0.997531,16.215469
1,88108904,0.007613,-0.009539,0.998613,12.790055
2,88108923,0.000336,1.013258,-0.029223,15.220995
0,88109074,0.013691,0.010996,0.997520,15.883978
1,88109159,0.007637,-0.009547,0.998648,13.121547
2,88109178,0.000328,1.013238,-0.029164,15.220995
0,88109329,0.013676,0.011004,0.997527,16.104973
1,88109414,0.007645,-0.009527,0.998641,13.121547
2,88109433,0.000316,1.013238,-0.029172,15.110497
0,88109584,0.013668,0.010980,0.997500,16.104973
1,88109669,0.007625,-0.009516,0.998621,13.121547
2,88109688,0.000336,1.013234,-0.029129,15.110497
0,88109839,0.013625,0.010957,0.997453,15.883978
1,88109924,0.007594,-0.009516,0.998629,13.121547
2,88109943,0.000328,1.013234,-0.029113,15.110497
0,88110094,0.013660,0.010980,0.997457,16.104973
1,88110179,0.007621,-0.009543,0.998629,13.011049
2,88110198,0.000316,1.013262,-0.029172,15.110497
0,88110349,0.013652,0.010996,0.997457,16.104973
1,88110434,0.007629,-0.009547,0.998613,13.011049
2,88110453,0.000340,1.013238,-0.029199,14.889503
0,88110604,0.013668,0.010980,0.997539,16.104973
