2,37114422,0.000406,1.013328,-0.029137,17.541437
1,37114485,0.007641,-0.009535,0.998570,15.331491
0,37114548,0.013715,0.010996,0.997512,18.646408
2,37114677,0.000391,1.013309,-0.029164,17.541437
1,37114740,0.007652,-0.009539,0.998594,15.441989
0,37114803,0.013707,0.011016,0.997465,18.535912
2,37114932,0.000387,1.013328,-0.029125,17.541437
1,37114995,0.007648,-0.009527,0.998602,15.552486
0,37115058,0.013723,0.011027,0.997496,18.646408
2,37115187,0.000391,1.013336,-0.029125,17.541437
1,37115250,0.007648,-0.009504,0.998605,15.441989
0,37115313,0.013727,0.011008,0.997535,18.646408
2,37115442,0.000355,1.013355,-0.029152,17.430939
1,37115505,0.007641,-0.009516,0.998625,15.662984
0,37115568,0.013738,0.010988,0.997484,18.646408
2,37115697,0.000375,1.013340,-0.029141,17.430939
1,37115793,0.007672,-0.009547,0.998629,15.552486
0,37115823,0.013758,0.010980,0.997445,18.756907
2,37115952,0.000391,1.013336,-0.029129,17.651934
1,37116048,0.007684,-0.009523,0.998594,15.662984
0,37116078,0.013750,0.010977,0.997461,18.425415
2,37116207,0.000387,1.013316,-0.029215,17.430939
1,37116303,0.007664,-0.009523,0.998570,15.552486
0,37116333,0.013754,0.010988,0.997480,18.756907
2,37116462,0.000352,1.013297,-0.029156,17.430939
1,37116558,0.007637,-0.009535,0.998566,15.662984
0,37116588,0.013742,0.010984,0.997453,18.646408
2,37116717,0.000348,1.013316,-0.029121,17.430939
1,37116813,0.007645,-0.009520,0.998621,15.552486
0,37116843,0.013723,0.010977,0.997457,18.646408
2,37116972,0.000367,1.013348,-0.029117,17.430939
1,37117068,0.007645,-0.009523,0.998559,15.441989
0,37117098,0.013730,0.010984,0.997480,18.535912
2,37117227,0.000375,1.013324,-0.029102,17.320442
1,37117323,0.007645,-0.009516,0.998598,15.552486
0,37117353,0.013719,0.010984,0.997465,18.535912
2,37117482,0.000406,1.013316,-0.029137,17.320442
1,37117578,0.007656,-0.009531,0.998645,15.552486
0,37117608,0.013742,0.011020,0.997453,18.535912
2,37117737,0.000395,1.013348,-0.029133,17.541437
1,37117833,0.007660,-0.009523,0.998637,15.552486
0,37117863,0.013719,0.010961,0.997449,18.425415
2,37117992,0.000383,1.013324,-0.029164,17.430939
1,37118088,0.007648,-0.009523,0.998645,15.441989
0,37118118,0.013707,0.010984,0.997480,18.535912
2,37118280,0.000387,1.013340,-0.029148,17.541437
1,37118343,0.007648,-0.009523,0.998645,15.441989
0,37118373,0.013723,0.011000,0.997469,18.646408
2,37118535,0.000371,1.013332,-0.029117,17.430939
1,37118598,0.007645,-0.009512,0.998609,15.552486
0,37118628,0.013723,0.011000,0.997508,18.535912
2,37118790,0.000379,1.013320,-0.029156,17.651934
1,37118853,0.007648,-0.009539,0.998578,15.331491
0,37118883,0.013734,0.010992,0.997504,18.425415
2,37119045,0.000406,1.013316,-0.029156,17.541437
1,37119108,0.007648,-0.009520,0.998609,15.552486
0,37119138,0.013730,0.010992,0.997477,18.535912
2,37119300,0.000387,1.013336,-0.029156,17.430939
1,37119363,0.007668,-0.009531,0.998613,15.552486
0,37119393,0.013723,0.011004,0.997477,18.535912
