2,17644542,0.000418,1.013359,-0.029195,18.756907
0,17644594,0.013746,0.011004,0.997441,19.640884
1,17644778,0.007656,-0.009512,0.998668,16.657459
2,17644797,0.000398,1.013410,-0.029168,18.756907
0,17644849,0.013777,0.011008,0.997414,19.640884
1,17645033,0.007645,-0.009531,0.998660,16.546961
2,17645052,0.000418,1.013387,-0.029184,18.646408
0,17645104,0.013766,0.010980,0.997418,19.751381
1,17645288,0.007668,-0.009527,0.998664,16.657459
2,17645307,0.000414,1.013375,-0.029172,18.646408
0,17645359,0.013766,0.011016,0.997441,19.640884
1,17645543,0.007664,-0.009535,0.998680,16.657459
2,17645562,0.000398,1.013394,-0.029176,18.646408
0,17645614,0.013785,0.010984,0.997449,19.640884
1,17645798,0.007656,-0.009500,0.998676,16.546961
2,17645817,0.000422,1.013379,-0.029207,18.646408
0,17645869,0.013770,0.011004,0.997488,19.751381
1,17646053,0.007676,-0.009523,0.998676,16.546961
2,17646072,0.000418,1.013352,-0.029164,18.756907
0,17646124,0.013762,0.010980,0.997469,19.640884
1,17646308,0.007680,-0.009516,0.998637,16.657459
2,17646327,0.000426,1.013363,-0.029172,18.425415
0,17646379,0.013777,0.011000,0.997496,19.640884
1,17646563,0.007652,-0.009531,0.998625,16.436464
2,17646582,0.000414,1.013363,-0.029184,18.756907
0,17646634,0.013766,0.011012,0.997465,19.751381
1,17646818,0.007656,-0.009535,0.998613,16.657459
2,17646837,0.000406,1.013367,-0.029184,18.867403
0,17646889,0.013781,0.011008,0.997492,19.751381
1,17647073,0.007652,-0.009535,0.998633,16.546961
2,17647092,0.000445,1.013371,-0.029199,18.756907
0,17647144,0.013797,0.011016,0.997465,19.640884
1,17647328,0.007668,-0.009520,0.998680,16.657459
2,17647347,0.000438,1.013371,-0.029188,18.756907
0,17647399,0.013777,0.010996,0.997445,19.530386
1,17647583,0.007680,-0.009520,0.998652,16.657459
2,17647602,0.000453,1.013367,-0.029164,18.646408
0,17647654,0.013801,0.011012,0.997473,19.419889
1,17647838,0.007660,-0.009543,0.998629,16.546961
2,17647857,0.000438,1.013359,-0.029141,18.646408
0,17647909,0.013793,0.011008,0.997457,19.530386
1,17648093,0.007676,-0.009551,0.998637,16.657459
2,17648112,0.000402,1.013363,-0.029164,18.646408
0,17648164,0.013773,0.011039,0.997441,19.640884
1,17648348,0.007680,-0.009539,0.998641,16.546961
2,17648367,0.000391,1.013355,-0.029133,18.646408
0,17648419,0.013746,0.011000,0.997457,19.640884
1,17648603,0.007641,-0.009531,0.998645,16.546961
2,17648622,0.000398,1.013359,-0.029188,18.756907
0,17648674,0.013762,0.011016,0.997437,19.751381
1,17648858,0.007648,-0.009527,0.998664,16.436464
2,17648877,0.000418,1.013387,-0.029168,18.756907
0,17648929,0.013762,0.011016,0.997469,19.640884
1,17649113,0.007637,-0.009516,0.998656,16.546961
2,17649132,0.000445,1.013375,-0.029172,18.646408
0,17649184,0.013785,0.011020,0.997508,19.640884
1,17649368,0.007680,-0.009508,0.998652,16.657459
2,17649387,0.000398,1.013394,-0.029176,18.646408
0,17649439,0.013777,0.010996,0.997523,19.640884
