2,25062410,0.000383,1.013375,-0.029191,18.425415
0,25062462,0.013750,0.011023,0.997473,19.309393
1,25062547,0.007684,-0.009535,0.998656,16.215469
2,25062665,0.000422,1.013375,-0.029164,18.314917
0,25062717,0.013762,0.011008,0.997441,19.309393
1,25062802,0.007688,-0.009527,0.998641,16.215469
2,25062920,0.000422,1.013371,-0.029113,18.314917
0,25062972,0.013766,0.010980,0.997473,19.419889
1,25063057,0.007668,-0.009539,0.998617,16.325968
2,25063175,0.000430,1.013387,-0.029148,18.314917
0,25063227,0.013785,0.011004,0.997477,19.198895
1,25063312,0.007680,-0.009543,0.998605,16.215469
2,25063430,0.000418,1.013375,-0.029148,18.314917
0,25063482,0.013750,0.011016,0.997445,19.309393
1,25063567,0.007680,-0.009531,0.998617,16.215469
2,25063685,0.000438,1.013371,-0.029137,18.314917
0,25063737,0.013742,0.011012,0.997480,19.419889
1,25063822,0.007652,-0.009551,0.998621,16.436464
2,25063940,0.000434,1.013391,-0.029145,18.314917
0,25063992,0.013762,0.010996,0.997504,19.309393
1,25064077,0.007641,-0.009523,0.998613,16.215469
2,25064195,0.000410,1.013363,-0.029172,18.425415
0,25064247,0.013750,0.010996,0.997480,19.198895
1,25064365,0.007664,-0.009543,0.998609,16.325968
2,25064450,0.000391,1.013340,-0.029156,18.204420
0,25064502,0.013762,0.011023,0.997469,19.309393
1,25064620,0.007648,-0.009527,0.998621,16.215469
2,25064705,0.000426,1.013348,-0.029152,18.093924
0,25064757,0.013746,0.011004,0.997477,19.198895
1,25064875,0.007680,-0.009520,0.998645,16.215469
2,25064960,0.000410,1.013336,-0.029137,18.425415
0,25065012,0.013766,0.010988,0.997480,19.309393
1,25065130,0.007684,-0.009512,0.998613,16.104973
2,25065215,0.000410,1.013359,-0.029148,18.314917
0,25065267,0.013754,0.010988,0.997477,19.419889
1,25065385,0.007668,-0.009531,0.998629,16.215469
2,25065470,0.000406,1.013355,-0.029188,18.314917
0,25065522,0.013801,0.010977,0.997441,19.419889
1,25065640,0.007668,-0.009547,0.998605,16.104973
2,25065725,0.000391,1.013344,-0.029141,18.314917
0,25065777,0.013773,0.011008,0.997488,19.419889
1,25065895,0.007672,-0.009523,0.998668,16.215469
2,25065980,0.000410,1.013344,-0.029160,18.314917
0,25066032,0.013762,0.011004,0.997453,19.309393
1,25066150,0.007680,-0.009516,0.998652,16.215469
2,25066235,0.000418,1.013352,-0.029176,18.314917
0,25066287,0.013750,0.010984,0.997477,19.309393
1,25066405,0.007645,-0.009523,0.998664,16.215469
2,25066490,0.000379,1.013375,-0.029176,18.425415
0,25066542,0.013750,0.010992,0.997473,19.309393
1,25066660,0.007656,-0.009559,0.998633,16.104973
2,25066745,0.000414,1.013371,-0.029164,18.425415
0,25066797,0.013754,0.011000,0.997465,19.198895
1,25066915,0.007668,-0.009547,0.998613,16.215469
2,25067000,0.000406,1.013379,-0.029156,18.425415
0,25067052,0.013746,0.011012,0.997488,19.309393
1,25067170,0.007633,-0.009555,0.998613,16.104973
2,25067255,0.000387,1.013410,-0.029129,18.425415
0,25067307,0.013766,0.011000,0.997465,19.309393
