0,73272180,0.013699,0.010996,0.997512,16.988951
2,73272243,0.000355,1.013273,-0.029191,15.994475
1,73272306,0.007645,-0.009539,0.998559,14.116022
0,73272435,0.013695,0.010996,0.997457,16.988951
2,73272498,0.000340,1.013277,-0.029172,15.883978
1,73272561,0.007645,-0.009531,0.998590,14.116022
0,73272690,0.013699,0.010996,0.997437,16.988951
2,73272753,0.000324,1.013285,-0.029176,15.994475
1,73272816,0.007637,-0.009539,0.998582,13.895027
0,73272945,0.013687,0.010977,0.997500,16.988951
2,73273008,0.000344,1.013273,-0.029184,15.994475
1,73273071,0.007645,-0.009535,0.998570,14.005525
0,73273200,0.013711,0.010980,0.997492,17.209946
2,73273263,0.000344,1.013250,-0.029195,16.104973
1,73273326,0.007637,-0.009531,0.998602,14.005525
0,73273455,0.013711,0.011000,0.997434,16.988951
2,73273518,0.000363,1.013262,-0.029184,15.994475
1,73273581,0.007633,-0.009555,0.998574,13.895027
0,73273710,0.013703,0.011012,0.997465,17.209946
2,73273773,0.000352,1.013258,-0.029203,15.773480
1,73273836,0.007613,-0.009535,0.998555,14.116022
0,73273965,0.013691,0.010988,0.997437,17.099447
2,73274028,0.000359,1.013277,-0.029199,15.883978
1,73274091,0.007602,-0.009547,0.998582,14.226520
0,73274220,0.013703,0.010973,0.997430,17.209946
2,73274283,0.000348,1.013289,-0.029215,15.883978
1,73274346,0.007609,-0.009551,0.998594,13.895027
0,73274475,0.013691,0.010984,0.997445,16.988951
2,73274538,0.000359,1.013297,-0.029176,15.883978
1,73274634,0.007625,-0.009547,0.998555,14.005525
0,73274730,0.013687,0.010992,0.997461,17.099447
2,73274793,0.000344,1.013297,-0.029137,16.104973
1,73274889,0.007605,-0.009523,0.998566,14.005525
0,73274985,0.013707,0.011000,0.997480,16.988951
2,73275048,0.000363,1.013262,-0.029156,16.104973
1,73275144,0.007621,-0.009551,0.998578,14.005525
0,73275240,0.013687,0.010992,0.997508,16.988951
2,73275303,0.000348,1.013293,-0.029164,15.883978
1,73275399,0.007629,-0.009570,0.998609,13.784531
0,73275495,0.013684,0.011016,0.997414,16.988951
2,73275558,0.000355,1.013270,-0.029164,16.104973
1,73275654,0.007641,-0.009590,0.998582,14.116022
0,73275750,0.013672,0.010992,0.997406,17.099447
2,73275813,0.000359,1.013262,-0.029164,16.104973
1,73275909,0.007613,-0.009555,0.998570,14.116022
0,73276005,0.013672,0.011004,0.997449,16.988951
2,73276068,0.000367,1.013289,-0.029176,15.994475
1,73276164,0.007621,-0.009578,0.998605,14.005525
0,73276260,0.013711,0.010980,0.997441,17.099447
2,73276323,0.000371,1.013270,-0.029191,16.104973
1,73276419,0.007617,-0.009551,0.998543,14.005525
0,73276515,0.013695,0.010992,0.997418,17.099447
2,73276578,0.000344,1.013277,-0.029195,15.994475
1,73276674,0.007633,-0.009535,0.998555,14.005525
0,73276770,0.013703,0.010961,0.997445,16.988951
2,73276833,0.000355,1.013281,-0.029199,15.994475
1,73276929,0.007656,-0.009559,0.998566,14.005525
0,73277025,0.013687,0.011012,0.997445,17.099447
2,73277088,0.000316,1.013277,-0.029191,15.883978
1,73277184,0.007629,-0.009566,0.998551,14.005525
