2,21353069,0.000430,1.013348,-0.029129,18.425415
0,21353088,0.013754,0.011016,0.997422,19.530386
1,21353107,0.007633,-0.009516,0.998645,16.436464
2,21353324,0.000426,1.013348,-0.029160,18.535912
0,21353343,0.013762,0.011008,0.997441,19.419889
1,21353362,0.007664,-0.009547,0.998637,16.657459
2,21353579,0.000387,1.013348,-0.029184,18.425415
0,21353598,0.013770,0.010988,0.997496,19.419889
1,21353617,0.007684,-0.009555,0.998668,16.436464
2,21353834,0.000402,1.013375,-0.029129,18.646408
0,21353853,0.013770,0.011004,0.997449,19.530386
1,21353872,0.007672,-0.009520,0.998633,16.546961
2,21354089,0.000383,1.013375,-0.029184,18.314917
0,21354108,0.013754,0.011020,0.997488,19.640884
1,21354127,0.007680,-0.009523,0.998617,16.325968
2,21354344,0.000383,1.013371,-0.029211,18.425415
0,21354363,0.013758,0.010992,0.997480,19.530386
1,21354382,0.007688,-0.009562,0.998605,16.215469
1,21354621,0.007688,-0.009547,0.998625,16.436464
2,21354640,0.000414,1.013363,-0.029176,18.756907
0,21354659,0.013734,0.011016,0.997480,19.751381
1,21354876,0.007660,-0.009516,0.998676,16.436464
2,21354895,0.000414,1.013336,-0.029160,18.535912
0,21354914,0.013785,0.011020,0.997414,19.419889
1,21355131,0.007660,-0.009539,0.998598,16.325968
2,21355150,0.000395,1.013359,-0.029172,18.425415
0,21355169,0.013766,0.011020,0.997437,19.640884
0,21355375,0.013754,0.011012,0.997453,19.419889
1,21355394,0.007684,-0.009539,0.998641,16.215469
2,21355413,0.000422,1.013352,-0.029191,18.646408
0,21355630,0.013746,0.011008,0.997480,19.640884
1,21355649,0.007676,-0.009516,0.998668,16.546961
2,21355668,0.000414,1.013363,-0.029191,18.425415
0,21355885,0.013777,0.011008,0.997484,19.419889
1,21355904,0.007672,-0.009488,0.998652,16.546961
2,21355923,0.000418,1.013340,-0.029164,18.425415
0,21356140,0.013777,0.011020,0.997469,19.640884
1,21356159,0.007660,-0.009504,0.998641,16.657459
2,21356178,0.000402,1.013359,-0.029152,18.425415
0,21356395,0.013785,0.011000,0.997477,19.309393
1,21356414,0.007656,-0.009520,0.998637,16.436464
2,21356433,0.000367,1.013352,-0.029152,18.425415
0,21356650,0.013801,0.011016,0.997473,19.640884
1,21356669,0.007656,-0.009512,0.998625,16.546961
2,21356688,0.000375,1.013344,-0.029160,18.646408
0,21356905,0.013766,0.011020,0.997516,19.419889
1,21356924,0.007652,-0.009504,0.998645,16.436464
2,21356943,0.000387,1.013379,-0.029164,18.535912
0,21357160,0.013750,0.011027,0.997477,19.419889
1,21357179,0.007660,-0.009523,0.998641,16.546961
2,21357198,0.000367,1.013383,-0.029172,18.425415
0,21357415,0.013758,0.011020,0.997445,19.640884
1,21357434,0.007664,-0.009531,0.998641,16.657459
2,21357453,0.000387,1.013387,-0.029133,18.425415
0,21357670,0.013762,0.010988,0.997453,19.530386
1,21357689,0.007656,-0.009535,0.998633,16.436464
2,21357708,0.000363,1.013355,-0.029176,18.425415
0,21357925,0.013738,0.011020,0.997457,19.640884
1,21357944,0.007676,-0.009520,0.998648,16.436464
