2,8373626,0.000438,1.013379,-0.029195,19.088398
0,8373744,0.013777,0.011035,0.997488,19.972376
1,8373829,0.007645,-0.009520,0.998648,16.988951
2,8373881,0.000410,1.013383,-0.029180,19.309393
0,8373999,0.013758,0.010992,0.997477,20.082872
1,8374084,0.007617,-0.009527,0.998648,16.878452
2,8374136,0.000422,1.013375,-0.029191,19.198895
0,8374254,0.013758,0.011016,0.997461,20.193371
1,8374339,0.007625,-0.009535,0.998570,16.878452
2,8374391,0.000414,1.013391,-0.029168,19.088398
0,8374509,0.013789,0.010984,0.997469,20.193371
1,8374594,0.007648,-0.009512,0.998633,16.878452
2,8374646,0.000441,1.013391,-0.029223,19.088398
0,8374764,0.013773,0.011000,0.997465,19.861879
1,8374849,0.007688,-0.009520,0.998664,16.988951
2,8374901,0.000445,1.013387,-0.029176,19.309393
0,8375019,0.013777,0.010992,0.997477,19.972376
1,8375104,0.007688,-0.009535,0.998668,17.099447
2,8375156,0.000438,1.013387,-0.029207,18.977901
0,8375274,0.013762,0.010988,0.997445,20.082872
1,8375359,0.007684,-0.009504,0.998648,16.988951
2,8375411,0.000465,1.013394,-0.029148,19.088398
0,8375529,0.013781,0.011023,0.997492,20.082872
1,8375614,0.007637,-0.009504,0.998645,16.988951
2,8375666,0.000457,1.013394,-0.029227,19.088398
0,8375784,0.013813,0.011031,0.997477,19.861879
1,8375869,0.007648,-0.009504,0.998641,16.988951
2,8375921,0.000430,1.013379,-0.029203,19.198895
0,8376039,0.013785,0.011000,0.997465,19.972376
1,8376124,0.007695,-0.009516,0.998602,16.988951
2,8376176,0.000426,1.013406,-0.029184,19.198895
0,8376294,0.013781,0.010984,0.997461,20.193371
1,8376379,0.007668,-0.009516,0.998629,16.767956
2,8376431,0.000426,1.013383,-0.029152,19.198895
0,8376516,0.013754,0.011023,0.997480,20.082872
1,8376634,0.007633,-0.009492,0.998648,16.988951
2,8376686,0.000445,1.013375,-0.029164,18.867403
0,8376771,0.013766,0.011023,0.997453,20.082872
1,8376889,0.007668,-0.009527,0.998656,16.988951
2,8376941,0.000426,1.013375,-0.029176,18.867403
0,8377026,0.013781,0.010992,0.997461,20.193371
1,8377144,0.007656,-0.009531,0.998648,16.878452
2,8377196,0.000418,1.013383,-0.029172,19.088398
0,8377281,0.013781,0.011027,0.997437,20.082872
1,8377399,0.007680,-0.009531,0.998617,16.878452
2,8377451,0.000461,1.013383,-0.029172,19.088398
0,8377536,0.013773,0.011023,0.997461,20.193371
1,8377654,0.007672,-0.009539,0.998602,16.878452
2,8377706,0.000469,1.013391,-0.029168,19.088398
0,8377791,0.013777,0.010992,0.997461,19.972376
1,8377909,0.007680,-0.009535,0.998652,16.988951
2,8377961,0.000426,1.013391,-0.029230,18.977901
0,8378046,0.013770,0.010992,0.997484,20.082872
1,8378164,0.007660,-0.009523,0.998625,16.988951
2,8378216,0.000426,1.013391,-0.029203,19.198895
0,8378301,0.013777,0.010980,0.997445,20.082872
1,8378419,0.007668,-0.009520,0.998598,16.988951
2,8378471,0.000445,1.013375,-0.029145,18.977901
0,8378556,0.013797,0.011004,0.997465,20.193371
1,8378674,0.007637,-0.009512,0.998605,16.988951
