2,11155067,0.000426,1.013363,-0.029180,18.756907
0,11155086,0.013758,0.011008,0.997453,19.861879
1,11155171,0.007633,-0.009516,0.998621,16.657459
2,11155322,0.000395,1.013367,-0.029125,18.977901
0,11155341,0.013758,0.011016,0.997441,20.082872
1,11155426,0.007660,-0.009488,0.998645,16.767956
2,11155577,0.000414,1.013355,-0.029129,18.977901
0,11155596,0.013773,0.011020,0.997473,20.082872
1,11155681,0.007664,-0.009508,0.998660,16.657459
2,11155832,0.000418,1.013371,-0.029133,18.977901
0,11155851,0.013777,0.011008,0.997469,19.861879
1,11155936,0.007668,-0.009551,0.998684,16.657459
0,11156098,0.013773,0.011043,0.997484,20.082872
2,11156128,0.000406,1.013379,-0.029164,18.867403
1,11156191,0.007664,-0.009539,0.998629,16.657459
0,11156353,0.013773,0.011004,0.997465,20.082872
2,11156383,0.000395,1.013367,-0.029137,18.867403
1,11156446,0.007668,-0.009520,0.998598,16.657459
0,11156608,0.013773,0.010992,0.997488,19.861879
2,11156638,0.000418,1.013379,-0.029152,18.867403
1,11156701,0.007664,-0.009531,0.998617,16.767956
0,11156863,0.013781,0.010996,0.997457,19.751381
2,11156893,0.000445,1.013363,-0.029188,18.867403
1,11156956,0.007656,-0.009504,0.998613,16.767956
0,11157118,0.013781,0.010973,0.997441,19.972376
2,11157148,0.000438,1.013383,-0.029148,18.756907
1,11157211,0.007648,-0.009504,0.998590,16.878452
0,11157373,0.013770,0.011004,0.997426,19.972376
2,11157403,0.000414,1.013394,-0.029125,18.756907
1,11157466,0.007652,-0.009543,0.998598,16.657459
0,11157628,0.013770,0.010973,0.997457,19.861879
2,11157658,0.000410,1.013359,-0.029180,18.756907
1,11157721,0.007648,-0.009547,0.998652,16.767956
0,11157883,0.013781,0.010965,0.997437,19.861879
2,11157913,0.000414,1.013383,-0.029191,18.867403
1,11157976,0.007668,-0.009527,0.998656,16.767956
0,11158138,0.013789,0.010984,0.997465,19.972376
2,11158168,0.000434,1.013340,-0.029148,18.756907
1,11158231,0.007652,-0.009520,0.998648,16.657459
0,11158393,0.013773,0.010988,0.997492,19.861879
2,11158423,0.000406,1.013359,-0.029156,18.756907
1,11158486,0.007621,-0.009531,0.998617,16.767956
0,11158648,0.013770,0.011004,0.997500,19.861879
2,11158678,0.000414,1.013371,-0.029168,18.756907
1,11158741,0.007629,-0.009543,0.998652,16.767956
0,11158903,0.013777,0.011004,0.997488,19.751381
2,11158933,0.000426,1.013367,-0.029176,18.756907
1,11158996,0.007668,-0.009531,0.998656,16.657459
0,11159158,0.013781,0.011000,0.997500,19.861879
2,11159188,0.000410,1.013367,-0.029133,18.756907
1,11159251,0.007641,-0.009531,0.998621,16.767956
0,11159413,0.013789,0.010992,0.997469,19.861879
2,11159443,0.000422,1.013391,-0.029184,18.756907
1,11159506,0.007656,-0.009527,0.998645,16.657459
0,11159668,0.013746,0.010977,0.997461,19.861879
2,11159698,0.000445,1.013367,-0.029180,18.756907
1,11159761,0.007641,-0.009516,0.998648,16.657459
0,11159923,0.013773,0.010992,0.997457,20.193371
2,11159953,0.000449,1.013363,-0.029164,18.867403
1,11160016,0.007656,-0.009520,0.998605,16.657459
