1,67709627,0.007621,-0.009520,0.998586,14.337016
0,67709657,0.013691,0.010969,0.997508,17.651934
2,67709687,0.000355,1.013289,-0.029152,16.546961
1,67709882,0.007641,-0.009508,0.998566,14.447514
0,67709912,0.013707,0.011004,0.997473,17.651934
2,67709942,0.000367,1.013297,-0.029117,16.657459
1,67710137,0.007625,-0.009555,0.998629,14.558011
0,67710167,0.013691,0.011012,0.997504,17.541437
2,67710197,0.000348,1.013293,-0.029109,16.325968
1,67710392,0.007633,-0.009562,0.998609,14.558011
0,67710422,0.013715,0.010992,0.997531,17.651934
2,67710452,0.000348,1.013273,-0.029121,16.436464
1,67710647,0.007652,-0.009543,0.998594,14.558011
0,67710677,0.013711,0.010980,0.997508,17.541437
2,67710707,0.000344,1.013289,-0.029152,16.657459
1,67710902,0.007625,-0.009555,0.998602,14.558011
0,67710932,0.013687,0.010984,0.997520,17.651934
2,67710962,0.000324,1.013273,-0.029148,16.436464
1,67711157,0.007648,-0.009551,0.998598,14.668509
0,67711187,0.013703,0.011023,0.997520,17.651934
2,67711217,0.000336,1.013285,-0.029203,16.657459
1,67711412,0.007633,-0.009551,0.998578,14.447514
0,67711442,0.013691,0.011000,0.997543,17.651934
2,67711472,0.000324,1.013293,-0.029180,16.546961
1,67711667,0.007621,-0.009539,0.998629,14.889503
0,67711697,0.013676,0.011016,0.997512,17.541437
2,67711727,0.000340,1.013266,-0.029133,16.546961
1,67711922,0.007605,-0.009539,0.998629,14.447514
0,67711952,0.013672,0.011008,0.997504,17.762430
2,67711982,0.000344,1.013277,-0.029176,16.657459
1,67712177,0.007629,-0.009562,0.998613,14.668509
0,67712207,0.013695,0.011023,0.997582,17.651934
2,67712237,0.000367,1.013289,-0.029145,16.325968
1,67712432,0.007633,-0.009539,0.998609,14.447514
0,67712462,0.013711,0.011016,0.997523,17.541437
2,67712492,0.000367,1.013297,-0.029125,16.546961
1,67712687,0.007648,-0.009520,0.998645,14.337016
0,67712717,0.013676,0.011000,0.997539,17.651934
2,67712747,0.000359,1.013285,-0.029109,16.657459
1,67712942,0.007648,-0.009539,0.998566,14.447514
0,67712972,0.013684,0.011027,0.997508,17.209946
2,67713002,0.000348,1.013324,-0.029160,16.546961
1,67713197,0.007648,-0.009539,0.998605,14.447514
0,67713227,0.013711,0.011000,0.997492,17.651934
2,67713257,0.000348,1.013309,-0.029160,16.546961
1,67713452,0.007648,-0.009551,0.998648,14.447514
0,67713482,0.013711,0.010969,0.997520,17.651934
2,67713512,0.000332,1.013270,-0.029141,16.436464
1,67713707,0.007629,-0.009531,0.998672,14.337016
0,67713737,0.013711,0.010977,0.997523,17.651934
2,67713767,0.000355,1.013273,-0.029145,16.546961
1,67713962,0.007641,-0.009516,0.998645,14.558011
0,67713992,0.013687,0.010996,0.997496,17.541437
2,67714022,0.000355,1.013273,-0.029176,16.436464
1,67714217,0.007641,-0.009508,0.998633,14.447514
0,67714247,0.013691,0.010984,0.997508,17.651934
2,67714277,0.000375,1.013289,-0.029176,16.546961
1,67714472,0.007637,-0.009520,0.998605,14.447514
0,67714502,0.013699,0.010996,0.997555,17.651934
2,67714532,0.000348,1.013305,-0.029188,16.546961
