998613,14.889503
2,54729484,0.000355,1.013320,-0.029172,16.546961
0,54729668,0.013695,0.010984,0.997531,17.872929
1,54729720,0.007645,-0.009523,0.998641,14.889503
2,54729739,0.000363,1.013301,-0.029145,16.546961
0,54729923,0.013695,0.011004,0.997477,17.872929
1,54729975,0.007637,-0.009516,0.998582,14.668509
2,54729994,0.000340,1.013293,-0.029156,16.878452
0,54730178,0.013680,0.010980,0.997480,17.872929
1,54730230,0.007652,-0.009551,0.998602,14.558011
2,54730249,0.000324,1.013301,-0.029113,16.878452
0,54730433,0.013684,0.010961,0.997512,17.872929
1,54730485,0.007629,-0.009523,0.998590,14.558011
2,54730504,0.000383,1.013281,-0.029105,16.767956
0,54730688,0.013699,0.010969,0.997477,17.872929
1,54730740,0.007625,-0.009523,0.998598,14.889503
2,54730759,0.000375,1.013289,-0.029152,16.657459
0,54730943,0.013715,0.010965,0.997504,17.872929
1,54730995,0.007660,-0.009543,0.998574,14.779005
2,54731047,0.000363,1.013316,-0.029164,16.657459
0,54731198,0.013703,0.010988,0.997512,17.872929
1,54731250,0.007637,-0.009535,0.998602,14.779005
2,54731302,0.000352,1.013328,-0.029156,16.767956
0,54731453,0.013664,0.011031,0.997523,17.872929
1,54731505,0.007629,-0.009531,0.998594,14.668509
2,54731557,0.000348,1.013309,-0.029160,16.878452
0,54731708,0.013680,0.011008,0.997520,17.762430
1,54731760,0.007672,-0.009543,0.998566,14.889503
2,54731812,0.000348,1.013309,-0.029129,16.878452
0,54731963,0.013703,0.010977,0.997523,17.872929
1,54732015,0.007664,-0.009543,0.998602,14.779005
2,54732067,0.000352,1.013297,-0.029168,16.878452
0,54732218,0.013738,0.010988,0.997516,17.872929
1,54732303,0.007648,-0.009543,0.998641,14.779005
2,54732322,0.000363,1.013316,-0.029152,16.878452
0,54732473,0.013719,0.010984,0.997516,17.872929
1,54732558,0.007648,-0.009551,0.998629,14.779005
2,54732577,0.000383,1.013305,-0.029191,16.767956
0,54732728,0.013723,0.010984,0.997512,17.872929
1,54732813,0.007648,-0.009520,0.998637,14.779005
2,54732832,0.000383,1.013293,-0.029180,16.767956
0,54732983,0.013711,0.011008,0.997539,17.762430
1,54733068,0.007645,-0.009523,0.998570,14.558011
2,54733087,0.000379,1.013293,-0.029156,16.878452
0,54733238,0.013680,0.011004,0.997500,17.872929
1,54733323,0.007637,-0.009543,0.998563,14.779005
2,54733342,0.000352,1.013305,-0.029164,16.657459
0,54733493,0.013684,0.010980,0.997543,17.762430
1,54733578,0.007621,-0.009523,0.998555,14.889503
2,54733597,0.000348,1.013316,-0.029164,16.767956
0,54733748,0.013687,0.010996,0.997508,18.093924
1,54733833,0.007621,-0.009520,0.998563,14.668509
2,54733852,0.000359,1.013289,-0.029141,16.878452
0,54734003,0.013711,0.010996,0.997539,17.872929
1,54734088,0.007660,-0.009527,0.998527,14.558011
2,54734107,0.000363,1.013289,-0.029125,16.657459
0,54734258,0.013707,0.010988,0.997520,17.872929
1,54734343,0.007652,-0.009527,0.998586,14.558011
2,54734362,0.000371,1.013258,-0.029191,16.878452
0,54734513,0.013707,0.010988,0.997492,17.983425
