1,33406247,0.007629,-0.009512,0.998617,15.662984
2,33406266,0.000391,1.013344,-0.029125,17.762430
0,33406285,0.013730,0.011020,0.997523,18.756907
1,33406502,0.007668,-0.009527,0.998629,15.662984
2,33406521,0.000395,1.013348,-0.029102,17.762430
0,33406540,0.013746,0.011020,0.997500,18.867403
1,33406757,0.007668,-0.009570,0.998617,15.552486
2,33406776,0.000383,1.013344,-0.029160,17.651934
0,33406795,0.013742,0.011020,0.997531,18.867403
1,33407012,0.007656,-0.009539,0.998625,15.662984
2,33407031,0.000375,1.013359,-0.029176,17.872929
0,33407050,0.013746,0.011004,0.997500,18.756907
1,33407267,0.007637,-0.009543,0.998613,15.662984
2,33407286,0.000410,1.013324,-0.029156,17.651934
0,33407305,0.013734,0.011023,0.997512,18.756907
1,33407522,0.007637,-0.009570,0.998598,15.441989
2,33407541,0.000430,1.013332,-0.029109,17.651934
0,33407560,0.013727,0.010988,0.997449,18.756907
1,33407777,0.007645,-0.009531,0.998609,15.552486
2,33407796,0.000398,1.013324,-0.029125,17.651934
0,33407815,0.013742,0.010984,0.997508,18.756907
1,33408032,0.007637,-0.009539,0.998594,15.773480
2,33408051,0.000418,1.013352,-0.029113,17.651934
0,33408070,0.013719,0.011012,0.997504,18.756907
1,33408287,0.007633,-0.009547,0.998621,15.662984
2,33408306,0.000375,1.013320,-0.029148,17.651934
0,33408325,0.013703,0.010992,0.997504,18.756907
1,33408542,0.007641,-0.009512,0.998586,15.662984
2,33408561,0.000375,1.013340,-0.029133,17.872929
0,33408580,0.013742,0.011016,0.997480,18.756907
1,33408830,0.007652,-0.009523,0.998578,15.773480
2,33408849,0.000402,1.013363,-0.029176,17.872929
0,33408868,0.013711,0.011008,0.997484,18.646408
1,33409085,0.007656,-0.009500,0.998602,15.773480
2,33409104,0.000426,1.013340,-0.029168,17.872929
0,33409123,0.013707,0.010980,0.997500,18.867403
1,33409340,0.007633,-0.009508,0.998602,15.662984
2,33409359,0.000406,1.013336,-0.029160,17.872929
0,33409378,0.013730,0.010988,0.997484,18.867403
1,33409595,0.007645,-0.009539,0.998598,15.773480
2,33409614,0.000406,1.013348,-0.029145,17.651934
0,33409633,0.013746,0.011012,0.997488,18.756907
1,33409850,0.007648,-0.009543,0.998613,15.662984
2,33409869,0.000363,1.013355,-0.029125,17.872929
0,33409888,0.013738,0.011004,0.997512,18.867403
0,33410094,0.013719,0.010973,0.997543,18.867403
1,33410113,0.007664,-0.009551,0.998633,15.662984
2,33410132,0.000391,1.013379,-0.029188,17.651934
0,33410349,0.013730,0.010992,0.997484,18.756907
1,33410368,0.007637,-0.009547,0.998605,15.662984
2,33410387,0.000395,1.013344,-0.029176,17.651934
0,33410604,0.013730,0.010980,0.997461,18.756907
1,33410623,0.007633,-0.009527,0.998617,15.662984
2,33410642,0.000395,1.013332,-0.029168,17.651934
0,33410859,0.013734,0.010980,0.997520,18.867403
1,33410878,0.007680,-0.009504,0.998609,15.662984
2,33410897,0.000391,1.013324,-0.029191,17.651934
0,33411114,0.013738,0.010988,0.997508,18.646408
1,33411133,0.007656,-0.009520,0.998602,15.662984
2,33411152,0.000410,1.013320,-0.029148,17.762430
