2,12082143,0.000453,1.013391,-0.029164,18.646408
0,12082195,0.013785,0.010992,0.997500,19.972376
1,12082214,0.007637,-0.009496,0.998621,16.657459
2,12082398,0.000426,1.013375,-0.029152,18.867403
0,12082450,0.013766,0.010988,0.997496,19.861879
1,12082469,0.007621,-0.009504,0.998590,16.657459
2,12082653,0.000402,1.013367,-0.029184,18.977901
0,12082705,0.013789,0.010984,0.997543,19.972376
1,12082724,0.007641,-0.009484,0.998641,16.767956
2,12082908,0.000418,1.013383,-0.029180,18.867403
0,12082960,0.013766,0.010984,0.997488,19.861879
1,12082979,0.007660,-0.009531,0.998633,16.767956
2,12083163,0.000469,1.013359,-0.029152,18.756907
0,12083215,0.013770,0.010977,0.997512,19.751381
1,12083234,0.007668,-0.009535,0.998672,16.878452
2,12083418,0.000438,1.013363,-0.029148,18.867403
0,12083470,0.013770,0.011000,0.997523,19.972376
1,12083489,0.007680,-0.009520,0.998633,16.657459
2,12083673,0.000414,1.013375,-0.029184,18.756907
0,12083725,0.013781,0.011008,0.997473,19.861879
1,12083744,0.007672,-0.009516,0.998664,16.988951
2,12083928,0.000406,1.013359,-0.029172,18.756907
0,12083980,0.013789,0.011012,0.997496,19.861879
1,12083999,0.007656,-0.009535,0.998660,16.878452
2,12084183,0.000379,1.013355,-0.029145,18.867403
0,12084235,0.013777,0.011027,0.997508,19.861879
1,12084254,0.007625,-0.009543,0.998660,16.878452
2,12084438,0.000410,1.013383,-0.029156,18.867403
0,12084490,0.013785,0.011008,0.997516,19.861879
1,12084509,0.007641,-0.009516,0.998621,16.878452
2,12084693,0.000402,1.013379,-0.029148,18.867403
0,12084745,0.013801,0.011020,0.997512,19.861879
1,12084764,0.007633,-0.009531,0.998664,16.878452
2,12084948,0.000406,1.013367,-0.029129,18.867403
0,12085000,0.013797,0.011008,0.997508,19.861879
1,12085019,0.007621,-0.009516,0.998660,16.767956
2,12085203,0.000398,1.013367,-0.029141,18.867403
0,12085255,0.013813,0.010984,0.997480,19.861879
1,12085274,0.007652,-0.009516,0.998660,16.657459
2,12085458,0.000406,1.013379,-0.029129,18.756907
0,12085510,0.013789,0.010996,0.997473,19.751381
1,12085529,0.007664,-0.009504,0.998684,16.657459
2,12085746,0.000445,1.013375,-0.029156,18.867403
0,12085765,0.013770,0.011020,0.997516,19.861879
1,12085784,0.007672,-0.009512,0.998688,16.767956
2,12086001,0.000434,1.013363,-0.029180,18.867403
0,12086020,0.013789,0.011000,0.997527,19.972376
1,12086039,0.007652,-0.009516,0.998652,16.657459
2,12086256,0.000434,1.013348,-0.029180,18.977901
0,12086275,0.013777,0.011008,0.997504,19.861879
1,12086294,0.007648,-0.009516,0.998652,16.767956
2,12086511,0.000434,1.013352,-0.029129,18.867403
0,12086530,0.013793,0.010996,0.997516,19.861879
1,12086549,0.007660,-0.009520,0.998633,16.657459
2,12086766,0.000418,1.013375,-0.029148,18.867403
0,12086785,0.013789,0.011012,0.997508,19.861879
1,12086804,0.007656,-0.009527,0.998617,16.988951
2,12087021,0.000391,1.013371,-0.029191,18.867403
0,12087040,0.013770,0.011008,0.997492,20.082872
1,12087059,0.007656,-0.009520,0.998656,16.767956
