0,43604122,0.013746,0.010973,0.997500,18.093924
1,43604141,0.007664,-0.009520,0.998609,15.110497
2,43604160,0.000359,1.013297,-0.029141,17.320442
0,43604377,0.013703,0.010992,0.997500,18.314917
1,43604396,0.007637,-0.009531,0.998633,15.000000
2,43604415,0.000383,1.013305,-0.029133,17.099447
0,43604632,0.013715,0.010969,0.997469,18.204420
1,43604651,0.007633,-0.009547,0.998613,15.220995
2,43604670,0.000379,1.013332,-0.029152,17.209946
0,43604887,0.013723,0.010965,0.997512,18.314917
1,43604906,0.007641,-0.009555,0.998594,15.220995
2,43604925,0.000398,1.013328,-0.029164,16.988951
0,43605142,0.013719,0.010996,0.997520,18.093924
1,43605161,0.007625,-0.009570,0.998621,15.110497
2,43605180,0.000379,1.013285,-0.029176,17.209946
0,43605397,0.013723,0.010980,0.997523,18.314917
1,43605416,0.007621,-0.009547,0.998594,15.220995
2,43605435,0.000379,1.013285,-0.029145,17.209946
0,43605652,0.013734,0.010980,0.997504,18.093924
1,43605671,0.007637,-0.009555,0.998617,15.220995
2,43605690,0.000387,1.013281,-0.029160,17.209946
0,43605907,0.013734,0.011016,0.997500,17.983425
1,43605926,0.007645,-0.009523,0.998617,15.220995
2,43605945,0.000406,1.013320,-0.029172,16.988951
0,43606162,0.013758,0.011000,0.997473,18.204420
1,43606181,0.007656,-0.009523,0.998602,15.220995
2,43606200,0.000371,1.013312,-0.029160,17.099447
0,43606417,0.013711,0.010969,0.997461,18.314917
1,43606436,0.007609,-0.009543,0.998598,15.220995
2,43606455,0.000352,1.013320,-0.029176,17.209946
0,43606672,0.013727,0.010961,0.997504,18.093924
1,43606691,0.007641,-0.009547,0.998621,15.331491
2,43606710,0.000352,1.013305,-0.029184,17.099447
0,43606927,0.013707,0.010984,0.997488,18.204420
1,43606946,0.007625,-0.009566,0.998641,15.220995
2,43606965,0.000367,1.013312,-0.029176,17.209946
0,43607182,0.013723,0.010973,0.997512,18.425415
1,43607201,0.007641,-0.009516,0.998629,15.220995
2,43607220,0.000375,1.013312,-0.029148,17.209946
0,43607437,0.013727,0.010977,0.997492,18.314917
1,43607456,0.007680,-0.009500,0.998605,15.331491
2,43607475,0.000359,1.013270,-0.029152,17.320442
0,43607692,0.013738,0.010977,0.997484,18.314917
1,43607711,0.007672,-0.009523,0.998613,15.220995
2,43607730,0.000379,1.013285,-0.029188,17.209946
0,43607947,0.013746,0.010980,0.997504,18.093924
1,43607966,0.007645,-0.009523,0.998621,15.220995
2,43607985,0.000391,1.013262,-0.029234,17.209946
0,43608202,0.013715,0.010996,0.997496,18.314917
1,43608221,0.007637,-0.009508,0.998605,15.220995
2,43608240,0.000398,1.013277,-0.029184,17.209946
0,43608457,0.013723,0.011004,0.997496,18.204420
1,43608476,0.007629,-0.009516,0.998598,15.220995
2,43608495,0.000434,1.013305,-0.029188,17.209946
0,43608712,0.013699,0.010996,0.997484,18.093924
1,43608731,0.007645,-0.009488,0.998609,15.000000
2,43608750,0.000387,1.013281,-0.029168,17.099447
0,43608967,0.013715,0.010988,0.997477,18.425415
1,43608986,0.007625,-0.009531,0.998590,15.110497
2,43609005,0.000383,1.013285,-0.029160,17.099447
