1,59365883,0.007648,-0.009520,0.998645,14.447514
0,59365913,0.013719,0.010977,0.997500,17.541437
2,59365943,0.000305,1.013293,-0.029191,16.546961
1,59366138,0.007660,-0.009539,0.998664,14.337016
0,59366168,0.013723,0.010992,0.997473,17.651934
2,59366198,0.000344,1.013316,-0.029180,16.546961
1,59366393,0.007625,-0.009543,0.998664,14.558011
0,59366423,0.013734,0.010988,0.997512,17.651934
2,59366453,0.000359,1.013305,-0.029195,16.546961
1,59366648,0.007617,-0.009535,0.998598,14.558011
0,59366678,0.013711,0.010980,0.997500,17.651934
2,59366708,0.000352,1.013297,-0.029184,16.657459
1,59366903,0.007609,-0.009559,0.998621,14.447514
0,59366933,0.013703,0.011012,0.997473,17.541437
2,59366963,0.000344,1.013305,-0.029152,16.436464
1,59367158,0.007613,-0.009520,0.998625,14.558011
0,59367188,0.013734,0.010973,0.997488,17.651934
2,59367218,0.000332,1.013301,-0.029125,16.546961
1,59367413,0.007629,-0.009516,0.998602,14.558011
0,59367443,0.013723,0.010949,0.997496,17.762430
2,59367473,0.000340,1.013273,-0.029164,16.546961
1,59367668,0.007637,-0.009523,0.998613,14.558011
0,59367698,0.013730,0.010965,0.997512,17.651934
2,59367728,0.000344,1.013273,-0.029160,16.546961
1,59367923,0.007637,-0.009520,0.998621,14.668509
0,59367953,0.013711,0.010984,0.997496,17.872929
2,59367983,0.000332,1.013289,-0.029168,16.546961
1,59368178,0.007617,-0.009520,0.998617,14.337016
0,59368208,0.013695,0.010980,0.997500,17.872929
2,59368238,0.000332,1.013293,-0.029172,16.657459
1,59368433,0.007621,-0.009508,0.998613,14.558011
0,59368463,0.013715,0.010980,0.997527,17.762430
2,59368493,0.000359,1.013281,-0.029148,16.436464
1,59368688,0.007609,-0.009531,0.998602,14.447514
0,59368718,0.013715,0.010980,0.997488,17.872929
2,59368748,0.000332,1.013273,-0.029102,16.546961
1,59368943,0.007605,-0.009512,0.998617,14.668509
0,59368973,0.013715,0.011012,0.997523,17.541437
2,59369003,0.000352,1.013289,-0.029113,16.657459
1,59369198,0.007637,-0.009488,0.998590,14.447514
0,59369228,0.013691,0.011004,0.997477,17.651934
2,59369258,0.000340,1.013293,-0.029121,16.546961
1,59369453,0.007629,-0.009535,0.998570,14.779005
0,59369483,0.013727,0.011000,0.997473,17.541437
2,59369513,0.000320,1.013305,-0.029168,16.436464
1,59369708,0.007641,-0.009531,0.998590,14.447514
0,59369738,0.013695,0.011008,0.997520,17.762430
2,59369768,0.000348,1.013316,-0.029141,16.546961
1,59369963,0.007648,-0.009539,0.998578,14.558011
0,59369993,0.013703,0.010992,0.997523,17.651934
2,59370023,0.000367,1.013293,-0.029145,16.546961
1,59370218,0.007629,-0.009543,0.998637,14.447514
0,59370248,0.013723,0.010996,0.997508,17.651934
2,59370278,0.000363,1.013273,-0.029156,16.436464
1,59370473,0.007641,-0.009539,0.998625,14.447514
0,59370503,0.013734,0.011016,0.997527,17.651934
2,59370533,0.000348,1.013293,-0.029141,16.436464
1,59370728,0.007641,-0.009504,0.998590,14.447514
0,59370758,0.013695,0.010961,0.997520,17.651934
2,59370788,0.000359,1.013285,-0.029148,16.657459
