0,76053376,0.013664,0.010988,0.997445,16.104973
1,76053527,0.007652,-0.009555,0.998582,13.121547
2,76053579,0.000316,1.013234,-0.029207,15.110497
0,76053631,0.013656,0.010996,0.997477,16.104973
1,76053782,0.007637,-0.009531,0.998578,13.011049
2,76053834,0.000293,1.013254,-0.029191,15.110497
0,76053886,0.013684,0.010977,0.997426,16.215469
1,76054037,0.007633,-0.009551,0.998531,13.011049
2,76054089,0.000316,1.013246,-0.029191,15.000000
0,76054141,0.013652,0.011008,0.997437,16.104973
1,76054292,0.007617,-0.009551,0.998605,12.900553
2,76054344,0.000312,1.013238,-0.029191,15.110497
0,76054396,0.013637,0.010992,0.997457,16.215469
1,76054547,0.007613,-0.009539,0.998582,13.011049
2,76054599,0.000297,1.013238,-0.029145,15.110497
0,76054651,0.013652,0.010977,0.997477,16.215469
1,76054802,0.007625,-0.009559,0.998582,13.121547
2,76054854,0.000320,1.013242,-0.029219,15.110497
0,76054906,0.013648,0.010965,0.997488,16.215469
1,76055057,0.007633,-0.009559,0.998613,13.011049
2,76055109,0.000316,1.013246,-0.029227,15.110497
0,76055161,0.013656,0.010977,0.997496,16.104973
1,76055312,0.007633,-0.009559,0.998582,13.121547
2,76055364,0.000316,1.013223,-0.029199,14.889503
0,76055416,0.013664,0.010969,0.997512,16.104973
1,76055567,0.007613,-0.009562,0.998594,13.121547
2,76055619,0.000320,1.013234,-0.029203,14.889503
0,76055671,0.013641,0.010992,0.997488,16.104973
1,76055822,0.007617,-0.009559,0.998617,13.121547
2,76055874,0.000301,1.013234,-0.029168,15.000000
0,76055926,0.013645,0.011004,0.997426,16.104973
1,76056077,0.007629,-0.009566,0.998586,13.121547
2,76056129,0.000301,1.013234,-0.029199,15.110497
0,76056181,0.013664,0.011016,0.997437,16.325968
1,76056332,0.007641,-0.009562,0.998625,13.011049
2,76056384,0.000324,1.013246,-0.029168,15.220995
0,76056436,0.013672,0.010988,0.997465,16.104973
1,76056587,0.007645,-0.009539,0.998570,13.121547
2,76056639,0.000320,1.013242,-0.029184,15.110497
0,76056691,0.013680,0.010969,0.997484,16.104973
1,76056842,0.007637,-0.009527,0.998574,13.121547
2,76056894,0.000316,1.013262,-0.029180,14.889503
0,76056946,0.013629,0.010969,0.997437,16.104973
1,76057097,0.007605,-0.009586,0.998629,13.121547
2,76057149,0.000301,1.013254,-0.029188,15.000000
0,76057201,0.013641,0.010977,0.997461,16.215469
1,76057352,0.007617,-0.009566,0.998566,13.121547
2,76057404,0.000328,1.013270,-0.029191,15.220995
0,76057423,0.013641,0.011016,0.997434,16.215469
1,76057607,0.007648,-0.009547,0.998602,13.232044
2,76057659,0.000316,1.013262,-0.029184,14.889503
0,76057678,0.013660,0.011016,0.997453,16.104973
1,76057862,0.007629,-0.009547,0.998609,13.121547
2,76057914,0.000309,1.013238,-0.029164,15.220995
0,76057933,0.013668,0.010977,0.997430,16.104973
1,76058117,0.007633,-0.009551,0.998563,13.121547
2,76058169,0.000320,1.013262,-0.029195,15.220995
0,76058188,0.013648,0.010977,0.997445,16.104973
1,76058372,0.007664,-0.009551,0.998582,13.121547
