0,32479094,0.013730,0.011016,0.997500,18.977901
2,32479157,0.000359,1.013328,-0.029137,17.762430
1,32479220,0.007656,-0.009527,0.998594,15.773480
0,32479349,0.013730,0.011004,0.997508,18.756907
2,32479412,0.000387,1.013332,-0.029129,17.872929
1,32479475,0.007656,-0.009520,0.998594,15.773480
0,32479604,0.013738,0.010996,0.997500,18.756907
2,32479667,0.000406,1.013340,-0.029172,17.762430
1,32479730,0.007645,-0.009523,0.998609,15.662984
0,32479859,0.013762,0.011004,0.997504,18.977901
2,32479922,0.000383,1.013348,-0.029121,17.651934
1,32479985,0.007656,-0.009520,0.998648,15.773480
0,32480114,0.013746,0.010992,0.997523,18.867403
2,32480177,0.000387,1.013336,-0.029121,17.872929
1,32480240,0.007629,-0.009531,0.998598,15.662984
0,32480369,0.013750,0.010992,0.997477,18.867403
2,32480432,0.000410,1.013336,-0.029164,17.651934
1,32480495,0.007660,-0.009527,0.998645,15.773480
0,32480624,0.013719,0.010992,0.997492,18.756907
2,32480687,0.000395,1.013336,-0.029098,17.651934
1,32480750,0.007668,-0.009527,0.998609,15.773480
0,32480879,0.013734,0.010973,0.997531,18.867403
2,32480942,0.000363,1.013332,-0.029109,17.651934
1,32481005,0.007652,-0.009516,0.998602,15.662984
0,32481134,0.013730,0.010965,0.997488,18.867403
2,32481197,0.000387,1.013336,-0.029156,17.651934
1,32481260,0.007664,-0.009496,0.998617,15.773480
0,32481389,0.013715,0.010980,0.997453,18.867403
2,32481452,0.000383,1.013336,-0.029141,17.762430
1,32481515,0.007680,-0.009527,0.998613,15.773480
0,32481644,0.013734,0.010977,0.997512,18.867403
2,32481707,0.000426,1.013328,-0.029133,17.651934
1,32481770,0.007652,-0.009508,0.998605,15.773480
0,32481899,0.013703,0.010980,0.997480,19.088398
2,32481962,0.000375,1.013340,-0.029129,17.762430
1,32482025,0.007621,-0.009516,0.998594,15.773480
0,32482154,0.013766,0.010996,0.997500,18.756907
2,32482250,0.000383,1.013340,-0.029145,17.872929
1,32482280,0.007648,-0.009531,0.998648,15.662984
0,32482409,0.013738,0.010992,0.997539,18.977901
2,32482505,0.000395,1.013359,-0.029148,17.541437
1,32482535,0.007660,-0.009516,0.998648,15.773480
0,32482664,0.013734,0.010996,0.997508,18.867403
2,32482760,0.000371,1.013363,-0.029160,17.651934
1,32482790,0.007668,-0.009512,0.998648,15.662984
0,32482919,0.013746,0.011016,0.997496,18.867403
2,32483015,0.000398,1.013348,-0.029145,17.872929
1,32483045,0.007652,-0.009535,0.998641,15.662984
0,32483174,0.013719,0.010969,0.997504,18.867403
2,32483270,0.000395,1.013332,-0.029141,17.651934
1,32483300,0.007645,-0.009512,0.998621,15.773480
0,32483429,0.013707,0.010988,0.997500,18.867403
2,32483525,0.000387,1.013320,-0.029164,17.541437
1,32483555,0.007664,-0.009520,0.998617,15.773480
0,32483684,0.013730,0.010996,0.997480,18.756907
2,32483780,0.000414,1.013328,-0.029168,17.762430
1,32483810,0.007656,-0.009523,0.998617,15.773480
0,32483939,0.013727,0.011012,0.997527,18.867403
2,32484035,0.000406,1.013344,-0.029160,17.762430
1,32484065,0.007648,-0.009516,0.998617,15.662984
