2,31552081,0.000387,1.013320,-0.029117,17.651934
0,31552166,0.013766,0.010996,0.997477,18.977901
1,31552185,0.007652,-0.009523,0.998602,15.773480
2,31552336,0.000379,1.013348,-0.029152,17.872929
0,31552421,0.013754,0.010984,0.997500,18.867403
1,31552440,0.007660,-0.009508,0.998609,15.662984
2,31552591,0.000395,1.013324,-0.029195,17.762430
0,31552676,0.013762,0.010977,0.997504,18.756907
1,31552695,0.007672,-0.009500,0.998629,15.883978
2,31552846,0.000414,1.013344,-0.029160,17.872929
0,31552931,0.013711,0.011004,0.997508,18.977901
1,31552950,0.007652,-0.009500,0.998586,15.773480
2,31553101,0.000379,1.013352,-0.029129,17.541437
0,31553186,0.013758,0.010973,0.997520,18.867403
1,31553205,0.007676,-0.009531,0.998621,15.773480
2,31553356,0.000379,1.013348,-0.029145,17.872929
0,31553441,0.013750,0.010965,0.997492,18.977901
1,31553460,0.007645,-0.009516,0.998582,15.883978
2,31553611,0.000367,1.013348,-0.029172,17.651934
0,31553696,0.013789,0.010980,0.997469,18.756907
1,31553715,0.007645,-0.009543,0.998586,15.773480
2,31553866,0.000363,1.013340,-0.029184,17.651934
0,31553951,0.013762,0.010988,0.997496,18.867403
1,31553970,0.007633,-0.009543,0.998602,15.773480
2,31554121,0.000371,1.013344,-0.029137,17.762430
0,31554206,0.013766,0.010977,0.997516,18.867403
1,31554225,0.007660,-0.009547,0.998660,15.773480
2,31554376,0.000371,1.013348,-0.029148,17.872929
0,31554461,0.013746,0.010957,0.997453,18.867403
1,31554480,0.007633,-0.009527,0.998656,15.662984
2,31554631,0.000391,1.013355,-0.029152,17.762430
0,31554716,0.013750,0.010961,0.997496,18.756907
1,31554735,0.007656,-0.009543,0.998652,15.883978
2,31554886,0.000395,1.013332,-0.029168,17.872929
0,31554971,0.013738,0.010980,0.997520,19.088398
1,31554990,0.007656,-0.009523,0.998617,15.883978
2,31555141,0.000359,1.013328,-0.029160,17.762430
0,31555193,0.013746,0.011000,0.997496,19.088398
1,31555245,0.007668,-0.009523,0.998621,15.773480
2,31555396,0.000418,1.013344,-0.029102,17.872929
0,31555448,0.013766,0.010992,0.997492,19.088398
1,31555500,0.007672,-0.009520,0.998633,15.773480
2,31555651,0.000395,1.013344,-0.029102,17.651934
0,31555703,0.013758,0.011004,0.997469,19.088398
1,31555755,0.007676,-0.009508,0.998633,15.773480
2,31555906,0.000383,1.013328,-0.029137,17.872929
0,31555958,0.013719,0.011000,0.997492,19.088398
1,31556010,0.007680,-0.009520,0.998605,15.773480
2,31556161,0.000398,1.013336,-0.029145,17.762430
0,31556213,0.013754,0.010996,0.997496,19.088398
1,31556265,0.007656,-0.009535,0.998621,15.662984
2,31556449,0.000410,1.013344,-0.029164,17.872929
0,31556468,0.013762,0.011000,0.997508,19.088398
1,31556520,0.007645,-0.009508,0.998668,15.773480
2,31556704,0.000375,1.013336,-0.029137,17.872929
0,31556723,0.013738,0.010977,0.997473,18.977901
1,31556775,0.007645,-0.009496,0.998672,15.883978
2,31556959,0.000375,1.013320,-0.029164,17.651934
0,31556978,0.013742,0.010973,0.997500,18.977901
1,31557030,0.007648,-0.009523,0.998660,15.773480
