1,76980736,0.007645,-0.009555,0.998586,12.679558
2,76980755,0.000320,1.013223,-0.029203,14.889503
0,76980774,0.013641,0.011000,0.997434,15.883978
1,76980991,0.007652,-0.009555,0.998551,12.790055
2,76981010,0.000277,1.013207,-0.029160,14.779005
0,76981029,0.013613,0.010996,0.997434,16.104973
1,76981246,0.007594,-0.009562,0.998578,12.900553
2,76981265,0.000305,1.013227,-0.029199,14.779005
0,76981284,0.013652,0.010988,0.997477,15.883978
1,76981501,0.007625,-0.009555,0.998574,12.900553
2,76981520,0.000301,1.013234,-0.029270,14.889503
0,76981539,0.013656,0.011016,0.997461,15.883978
0,76981745,0.013648,0.010996,0.997418,15.773480
1,76981764,0.007617,-0.009535,0.998570,12.790055
2,76981783,0.000320,1.013227,-0.029246,14.779005
0,76982000,0.013668,0.010992,0.997406,15.994475
1,76982019,0.007621,-0.009527,0.998578,12.679558
2,76982038,0.000320,1.013227,-0.029223,14.668509
0,76982255,0.013668,0.010980,0.997406,15.773480
1,76982274,0.007637,-0.009543,0.998586,12.679558
2,76982293,0.000309,1.013227,-0.029211,14.889503
0,76982510,0.013641,0.010977,0.997352,15.883978
1,76982529,0.007641,-0.009582,0.998523,12.679558
2,76982548,0.000305,1.013199,-0.029227,14.889503
0,76982765,0.013660,0.010988,0.997418,15.773480
1,76982784,0.007645,-0.009551,0.998574,12.679558
2,76982803,0.000324,1.013219,-0.029219,14.668509
0,76983020,0.013645,0.011004,0.997465,15.883978
1,76983039,0.007641,-0.009586,0.998559,12.790055
2,76983058,0.000340,1.013219,-0.029258,14.779005
0,76983275,0.013625,0.010992,0.997477,15.883978
1,76983294,0.007625,-0.009543,0.998555,12.790055
2,76983313,0.000301,1.013219,-0.029203,14.779005
0,76983530,0.013625,0.010977,0.997395,15.994475
1,76983549,0.007621,-0.009520,0.998559,12.679558
2,76983568,0.000312,1.013234,-0.029199,14.889503
0,76983785,0.013625,0.011004,0.997418,15.883978
1,76983804,0.007629,-0.009555,0.998617,12.679558
2,76983823,0.000320,1.013246,-0.029211,14.889503
0,76984040,0.013625,0.010969,0.997410,15.773480
1,76984059,0.007645,-0.009562,0.998613,12.790055
2,76984078,0.000312,1.013223,-0.029152,14.779005
0,76984295,0.013633,0.010984,0.997430,15.773480
1,76984314,0.007648,-0.009543,0.998602,12.790055
2,76984333,0.000324,1.013215,-0.029188,14.558011
0,76984550,0.013629,0.010988,0.997453,15.773480
1,76984569,0.007625,-0.009555,0.998582,12.790055
2,76984588,0.000332,1.013242,-0.029203,14.779005
0,76984805,0.013672,0.010980,0.997453,15.994475
1,76984824,0.007637,-0.009535,0.998590,12.790055
2,76984843,0.000340,1.013238,-0.029230,14.668509
0,76985060,0.013656,0.010996,0.997391,15.883978
1,76985079,0.007621,-0.009566,0.998559,12.679558
2,76985098,0.000340,1.013230,-0.029148,14.779005
0,76985315,0.013645,0.011016,0.997461,15.773480
1,76985334,0.007602,-0.009582,0.998520,12.790055
2,76985353,0.000297,1.013242,-0.029219,14.779005
0,76985570,0.013637,0.011008,0.997449,15.773480
1,76985589,0.007625,-0.009539,0.998613,12.569060
2,76985608,0.000312,1.013215,-0.029184,14.889503
