0,20425971,0.013793,0.010996,0.997484,19.640884
2,20426001,0.000430,1.013328,-0.029152,18.535912
1,20426031,0.007645,-0.009520,0.998633,16.436464
0,20426226,0.013766,0.010980,0.997508,19.640884
2,20426256,0.000434,1.013324,-0.029156,18.535912
1,20426286,0.007641,-0.009523,0.998637,16.436464
0,20426481,0.013758,0.010992,0.997465,19.640884
2,20426511,0.000395,1.013348,-0.029141,18.425415
1,20426541,0.007613,-0.009523,0.998629,16.546961
0,20426736,0.013758,0.011012,0.997437,19.419889
2,20426766,0.000414,1.013359,-0.029184,18.646408
1,20426796,0.007645,-0.009516,0.998656,16.546961
0,20426991,0.013777,0.010988,0.997496,19.419889
2,20427021,0.000406,1.013363,-0.029148,18.756907
1,20427051,0.007645,-0.009520,0.998629,16.436464
0,20427246,0.013766,0.011020,0.997480,19.640884
2,20427276,0.000418,1.013387,-0.029168,18.535912
1,20427306,0.007633,-0.009539,0.998605,16.546961
0,20427501,0.013758,0.011004,0.997496,19.419889
2,20427531,0.000434,1.013371,-0.029141,18.314917
1,20427561,0.007656,-0.009504,0.998621,16.657459
0,20427756,0.013754,0.011020,0.997496,19.751381
2,20427786,0.000426,1.013359,-0.029176,18.646408
1,20427816,0.007672,-0.009496,0.998652,16.436464
0,20428011,0.013750,0.011020,0.997461,19.309393
2,20428041,0.000434,1.013367,-0.029156,18.425415
1,20428071,0.007676,-0.009500,0.998645,16.657459
0,20428266,0.013809,0.011020,0.997473,19.640884
2,20428296,0.000422,1.013336,-0.029215,18.646408
1,20428326,0.007680,-0.009527,0.998641,16.215469
0,20428521,0.013777,0.011004,0.997453,19.640884
2,20428551,0.000438,1.013363,-0.029176,18.425415
1,20428581,0.007648,-0.009527,0.998645,16.436464
0,20428776,0.013762,0.011035,0.997457,19.530386
2,20428806,0.000430,1.013394,-0.029137,18.425415
1,20428836,0.007629,-0.009512,0.998652,16.436464
0,20429031,0.013758,0.011027,0.997449,19.640884
2,20429061,0.000445,1.013375,-0.029141,18.535912
1,20429091,0.007613,-0.009520,0.998633,16.546961
0,20429253,0.013762,0.011016,0.997484,19.640884
2,20429316,0.000406,1.013375,-0.029195,18.425415
1,20429346,0.007641,-0.009492,0.998625,16.436464
0,20429508,0.013754,0.011008,0.997473,19.530386
2,20429571,0.000414,1.013352,-0.029152,18.646408
1,20429601,0.007668,-0.009508,0.998633,16.436464
0,20429763,0.013762,0.011000,0.997461,19.640884
2,20429826,0.000395,1.013340,-0.029180,18.425415
1,20429856,0.007664,-0.009508,0.998625,16.546961
0,20430018,0.013797,0.011016,0.997473,19.640884
2,20430081,0.000398,1.013379,-0.029164,18.646408
1,20430111,0.007652,-0.009512,0.998668,16.436464
0,20430273,0.013785,0.010988,0.997461,19.640884
2,20430336,0.000445,1.013383,-0.029168,18.646408
1,20430366,0.007676,-0.009520,0.998652,16.436464
0,20430528,0.013789,0.011004,0.997508,19.530386
2,20430591,0.000422,1.013391,-0.029152,18.535912
1,20430621,0.007660,-0.009516,0.998660,16.436464
0,20430783,0.013750,0.011012,0.997488,19.640884
2,20430846,0.000391,1.013375,-0.029148,18.535912
