1,44531275,0.007637,-0.009543,0.998594,15.220995
0,44531338,0.013715,0.010996,0.997453,18.425415
2,44531500,0.000367,1.013289,-0.029168,17.099447
1,44531530,0.007656,-0.009535,0.998605,15.110497
0,44531593,0.013727,0.011000,0.997484,18.314917
2,44531755,0.000371,1.013289,-0.029121,17.209946
1,44531785,0.007660,-0.009547,0.998621,15.220995
0,44531815,0.013738,0.011008,0.997496,18.093924
2,44532010,0.000391,1.013301,-0.029180,17.099447
1,44532040,0.007664,-0.009531,0.998645,15.220995
0,44532070,0.013727,0.011008,0.997473,18.204420
2,44532265,0.000371,1.013324,-0.029156,17.209946
1,44532295,0.007656,-0.009527,0.998664,15.110497
0,44532325,0.013707,0.011027,0.997469,17.983425
2,44532520,0.000348,1.013297,-0.029160,17.099447
1,44532550,0.007668,-0.009512,0.998609,15.331491
0,44532580,0.013719,0.010996,0.997477,18.425415
2,44532775,0.000375,1.013309,-0.029145,17.099447
1,44532805,0.007664,-0.009539,0.998602,15.220995
0,44532835,0.013727,0.011016,0.997488,18.314917
2,44533030,0.000391,1.013320,-0.029148,17.209946
1,44533060,0.007672,-0.009520,0.998602,15.220995
0,44533090,0.013734,0.011031,0.997477,18.314917
2,44533285,0.000379,1.013297,-0.029137,17.099447
1,44533315,0.007645,-0.009516,0.998594,15.220995
0,44533345,0.013738,0.011004,0.997461,18.314917
2,44533540,0.000355,1.013293,-0.029152,17.209946
1,44533570,0.007641,-0.009520,0.998590,15.220995
0,44533600,0.013711,0.010992,0.997465,18.314917
2,44533795,0.000363,1.013312,-0.029152,17.099447
1,44533825,0.007633,-0.009543,0.998598,15.220995
0,44533855,0.013723,0.011000,0.997500,18.314917
2,44534050,0.000383,1.013301,-0.029094,17.099447
1,44534080,0.007629,-0.009523,0.998590,15.220995
0,44534110,0.013715,0.011016,0.997469,18.425415
2,44534305,0.000387,1.013316,-0.029113,17.099447
1,44534335,0.007660,-0.009496,0.998605,15.110497
0,44534365,0.013703,0.010996,0.997516,18.314917
2,44534560,0.000387,1.013301,-0.029156,17.099447
1,44534590,0.007656,-0.009547,0.998621,15.110497
0,44534620,0.013723,0.011000,0.997508,18.314917
2,44534815,0.000402,1.013281,-0.029125,17.209946
1,44534845,0.007660,-0.009535,0.998590,15.331491
0,44534875,0.013723,0.010996,0.997484,18.314917
2,44535070,0.000406,1.013297,-0.029145,17.320442
1,44535100,0.007641,-0.009555,0.998609,15.331491
0,44535130,0.013727,0.010977,0.997469,18.314917
2,44535325,0.000391,1.013309,-0.029141,16.988951
1,44535355,0.007660,-0.009527,0.998602,15.110497
0,44535385,0.013750,0.010980,0.997473,18.093924
2,44535613,0.000387,1.013285,-0.029145,17.209946
0,44535632,0.013746,0.010980,0.997488,18.204420
1,44535651,0.007648,-0.009559,0.998555,15.220995
2,44535868,0.000359,1.013309,-0.029152,16.988951
0,44535887,0.013711,0.010973,0.997473,18.425415
1,44535906,0.007648,-0.009527,0.998625,15.220995
2,44536123,0.000359,1.013309,-0.029082,17.099447
0,44536142,0.013699,0.010969,0.997477,18.314917
1,44536161,0.007645,-0.009512,0.998609,15.220995
