2,82543083,0.000309,1.013195,-0.029219,13.784531
0,82543168,0.013629,0.010973,0.997437,15.220995
1,82543253,0.007613,-0.009590,0.998563,12.016575
2,82543338,0.000305,1.013184,-0.029172,14.005525
0,82543423,0.013652,0.011008,0.997430,15.110497
1,82543508,0.007613,-0.009555,0.998602,12.127071
2,82543593,0.000254,1.013188,-0.029219,14.005525
0,82543678,0.013672,0.011000,0.997469,15.000000
1,82543796,0.007625,-0.009582,0.998586,12.016575
2,82543848,0.000285,1.013207,-0.029250,13.895027
0,82543933,0.013629,0.010965,0.997445,15.331491
1,82544051,0.007633,-0.009562,0.998543,12.127071
2,82544103,0.000301,1.013211,-0.029273,13.895027
0,82544188,0.013605,0.010988,0.997457,15.220995
1,82544306,0.007602,-0.009570,0.998566,12.127071
2,82544358,0.000281,1.013191,-0.029254,13.674033
0,82544443,0.013637,0.010980,0.997484,14.889503
1,82544561,0.007621,-0.009535,0.998559,11.906077
2,82544613,0.000262,1.013168,-0.029250,14.005525
0,82544698,0.013637,0.011020,0.997504,15.110497
1,82544816,0.007613,-0.009543,0.998570,12.016575
2,82544868,0.000277,1.013176,-0.029234,14.005525
0,82544953,0.013621,0.010996,0.997480,15.110497
1,82545071,0.007617,-0.009574,0.998594,11.795580
2,82545123,0.000273,1.013223,-0.029230,13.895027
0,82545175,0.013656,0.011008,0.997453,15.220995
1,82545326,0.007625,-0.009562,0.998609,12.016575
2,82545378,0.000297,1.013234,-0.029211,14.005525
0,82545430,0.013656,0.010973,0.997461,15.000000
1,82545581,0.007625,-0.009555,0.998551,11.795580
2,82545633,0.000305,1.013195,-0.029219,13.895027
0,82545685,0.013652,0.010961,0.997445,15.110497
1,82545836,0.007609,-0.009594,0.998574,11.906077
2,82545888,0.000266,1.013195,-0.029223,14.005525
0,82545940,0.013676,0.010973,0.997422,15.110497
1,82546091,0.007605,-0.009590,0.998559,12.016575
2,82546143,0.000277,1.013168,-0.029219,14.005525
0,82546195,0.013648,0.010977,0.997484,15.220995
1,82546346,0.007613,-0.009539,0.998523,12.016575
2,82546398,0.000312,1.013160,-0.029199,13.784531
0,82546450,0.013645,0.010980,0.997457,14.889503
1,82546601,0.007613,-0.009547,0.998578,12.127071
2,82546653,0.000293,1.013215,-0.029188,13.895027
0,82546705,0.013641,0.011016,0.997445,15.110497
1,82546856,0.007594,-0.009578,0.998574,12.127071
2,82546908,0.000301,1.013215,-0.029211,13.895027
0,82546960,0.013656,0.011012,0.997453,15.110497
1,82547111,0.007605,-0.009543,0.998590,12.127071
2,82547163,0.000312,1.013207,-0.029188,14.005525
0,82547215,0.013652,0.010992,0.997426,15.220995
1,82547366,0.007605,-0.009555,0.998586,12.127071
2,82547418,0.000309,1.013168,-0.029164,13.895027
0,82547470,0.013656,0.011012,0.997453,15.110497
1,82547621,0.007605,-0.009574,0.998582,12.127071
2,82547706,0.000289,1.013199,-0.029219,14.005525
0,82547725,0.013656,0.010984,0.997484,15.110497
1,82547876,0.007617,-0.009551,0.998539,12.016575
2,82547961,0.000289,1.013172,-0.029250,13.895027
0,82547980,0.013641,0.011008,0.997434,15.110497
