1,55657380,0.007656,-0.009543,0.2,55657399,0.000359,1.013266,-0.029137,16.657459
0,55657451,0.013672,0.010996,0.997527,17.651934
1,55657635,0.007664,-0.009523,0.998629,14.779005
2,55657654,0.000391,1.013273,-0.029152,16.657459
0,55657706,0.013715,0.010996,0.997516,17.872929
1,55657890,0.007645,-0.009562,0.998590,14.889503
2,55657909,0.000406,1.013320,-0.029172,16.657459
0,55657961,0.013703,0.010992,0.997484,17.872929
1,55658145,0.007648,-0.009566,0.998590,14.889503
2,55658164,0.000379,1.013328,-0.029137,16.767956
0,55658216,0.013715,0.010992,0.997484,17.872929
1,55658400,0.007609,-0.009520,0.998586,14.558011
2,55658419,0.000383,1.013316,-0.029152,16.657459
0,55658471,0.013707,0.010988,0.997477,17.541437
1,55658655,0.007645,-0.009570,0.998598,14.668509
2,55658674,0.000375,1.013316,-0.029105,16.657459
0,55658726,0.013699,0.010984,0.997508,17.872929
1,55658910,0.007652,-0.009574,0.998602,14.889503
2,55658929,0.000398,1.013301,-0.029191,16.657459
0,55658948,0.013715,0.010988,0.997551,17.872929
1,55659165,0.007652,-0.009551,0.998652,14.779005
2,55659184,0.000359,1.013312,-0.029113,16.657459
0,55659203,0.013699,0.010992,0.997516,17.872929
2,55659464,0.000340,1.013266,-0.029102,16.767956
0,55659483,0.013687,0.011008,0.997516,17.872929
1,55659700,0.007633,-0.009551,0.998621,14.889503
2,55659719,0.000348,1.013293,-0.029129,16.546961
0,55659738,0.013695,0.011020,0.997531,17.651934
1,55659955,0.007633,-0.009543,0.998621,14.558011
2,55659974,0.000391,1.013289,-0.029176,16.878452
0,55659993,0.013699,0.010996,0.997547,17.651934
1,55660210,0.007652,-0.009535,0.998652,14.668509
2,55660229,0.000371,1.013289,-0.029145,16.546961
0,55660248,0.013727,0.010980,0.997543,17.872929
1,55660465,0.007648,-0.009539,0.998609,14.779005
2,55660484,0.000402,1.013293,-0.029168,16.767956
0,55660503,0.013719,0.010965,0.997523,17.872929
1,55660720,0.007648,-0.009547,0.998637,14.558011
2,55660739,0.000383,1.013309,-0.029148,16.657459
0,55660758,0.013742,0.011000,0.997531,17.651934
1,55660975,0.007633,-0.009512,0.998641,14.779005
2,55660994,0.000371,1.013312,-0.029168,16.657459
0,55661013,0.013727,0.010992,0.997500,17.872929
1,55661230,0.007613,-0.009516,0.998629,14.668509
2,55661249,0.000402,1.013309,-0.029145,16.657459
0,55661268,0.013691,0.010984,0.997484,17.872929
1,55661485,0.007625,-0.009523,0.998602,14.668509
2,55661504,0.000363,1.013270,-0.029180,16.767956
0,55661523,0.013687,0.010996,0.997512,17.541437
1,55661740,0.007621,-0.009523,0.998574,14.447514
2,55661759,0.000387,1.013305,-0.029164,16.657459
0,55661778,0.013715,0.010996,0.997477,17.872929
1,55661995,0.007641,-0.009508,0.998605,14.779005
2,55662014,0.000359,1.013328,-0.029152,16.657459
0,55662033,0.013711,0.010980,0.997484,17.983425
1,55662250,0.007625,-0.009531,0.998563,14.558011
2,55662269,0.000355,1.013305,-0.029141,16.657459
0,55662288,0.013715,0.010977,0.997500,17.872929
