1,25989335,0.007699,-0.009535,0.0,25989398,0.013773,0.010996,0.997445,19.309393
2,25989494,0.000398,1.013336,-0.029141,17.983425
1,25989623,0.007672,-0.009500,0.998727,16.104973
0,25989653,0.013758,0.011000,0.997461,19.309393
2,25989749,0.000426,1.013344,-0.029145,18.093924
1,25989878,0.007660,-0.009516,0.998656,16.104973
0,25989908,0.013762,0.011031,0.997457,19.309393
2,25990004,0.000402,1.013348,-0.029168,18.093924
1,25990133,0.007656,-0.009539,0.998656,16.104973
0,25990163,0.013785,0.011020,0.997488,19.309393
2,25990259,0.000422,1.013355,-0.029133,18.314917
1,25990388,0.007676,-0.009543,0.998625,16.436464
0,25990418,0.013789,0.010996,0.997500,19.309393
2,25990514,0.000430,1.013324,-0.029137,18.314917
1,25990643,0.007668,-0.009520,0.998633,16.215469
0,25990673,0.013754,0.010984,0.997477,19.198895
2,25990769,0.000410,1.013344,-0.029137,18.425415
1,25990898,0.007664,-0.009535,0.998645,16.104973
0,25990928,0.013762,0.010992,0.997488,19.198895
2,25991024,0.000438,1.013387,-0.029180,18.425415
1,25991153,0.007652,-0.009539,0.998652,16.104973
0,25991183,0.013750,0.011016,0.997480,19.309393
2,25991279,0.000410,1.013367,-0.029152,18.204420
1,25991408,0.007664,-0.009535,0.998590,16.104973
0,25991438,0.013781,0.011000,0.997441,19.309393
2,25991534,0.000418,1.013348,-0.029141,18.314917
1,25991663,0.007676,-0.009543,0.998613,16.104973
0,25991693,0.013738,0.010988,0.997434,19.309393
2,25991789,0.000402,1.013363,-0.029184,18.093924
1,25991918,0.007633,-0.009516,0.998652,16.104973
0,25991948,0.013746,0.010984,0.997441,19.198895
2,25992044,0.000387,1.013387,-0.029121,18.314917
1,25992173,0.007664,-0.009520,0.998645,16.215469
0,25992203,0.013762,0.011043,0.997449,19.198895
2,25992299,0.000406,1.013379,-0.029094,18.093924
0,25992417,0.013766,0.011008,0.997449,19.309393
1,25992436,0.007664,-0.009520,0.998641,16.215469
2,25992554,0.000426,1.013375,-0.029160,18.314917
0,25992672,0.013785,0.011004,0.997508,19.309393
1,25992691,0.007688,-0.009520,0.998641,16.104973
2,25992809,0.000406,1.013359,-0.029188,18.204420
0,25992927,0.013762,0.011000,0.997473,19.309393
1,25992946,0.007672,-0.009500,0.998660,16.104973
2,25993064,0.000406,1.013336,-0.029152,18.093924
0,25993182,0.013754,0.011016,0.997469,19.309393
1,25993201,0.007672,-0.009531,0.998703,16.104973
2,25993319,0.000430,1.013324,-0.029195,17.983425
0,25993437,0.013773,0.010957,0.997473,19.309393
1,25993456,0.007695,-0.009523,0.998602,16.104973
2,25993574,0.000391,1.013340,-0.029172,18.093924
0,25993692,0.013773,0.010980,0.997492,19.198895
1,25993711,0.007680,-0.009516,0.998621,16.104973
2,25993829,0.000426,1.013340,-0.029156,18.093924
0,25993947,0.013734,0.011004,0.997492,19.198895
1,25993966,0.007680,-0.009512,0.998676,16.104973
2,25994084,0.000426,1.013336,-0.029156,18.093924
0,25994202,0.013793,0.010996,0.997445,19.309393
1,25994221,0.007672,-0.009523,0.998691,15.883978
2,25994339,0.000434,1.013355,-0.029133,17.983425
