0,64001409,0.013734,0.010961,0.997484,17.651934
1,64001428,0.007645,-0.009543,0.998566,14.447514
2,64001480,0.000355,1.013289,-0.029180,16.657459
0,64001664,0.013715,0.010992,0.997496,17.541437
1,64001683,0.007645,-0.009535,0.998574,14.668509
2,64001735,0.000348,1.013270,-0.029172,16.546961
0,64001919,0.013719,0.011012,0.997473,17.430939
1,64001938,0.007652,-0.009523,0.998578,14.558011
2,64001990,0.000336,1.013270,-0.029172,16.546961
0,64002174,0.013687,0.010992,0.997492,17.541437
1,64002193,0.007637,-0.009516,0.998602,14.337016
2,64002245,0.000375,1.013285,-0.029145,16.546961
0,64002429,0.013676,0.010973,0.997512,17.541437
1,64002448,0.007602,-0.009512,0.998566,14.337016
2,64002500,0.000359,1.013281,-0.029168,16.546961
0,64002684,0.013703,0.010980,0.997488,17.541437
1,64002703,0.007602,-0.009535,0.998543,14.558011
2,64002755,0.000371,1.013297,-0.029148,16.436464
0,64002939,0.013711,0.010965,0.997473,17.541437
1,64002958,0.007621,-0.009516,0.998555,14.337016
2,64003010,0.000352,1.013285,-0.029152,16.546961
0,64003194,0.013707,0.010988,0.997469,17.541437
1,64003213,0.007625,-0.009535,0.998574,14.447514
2,64003265,0.000332,1.013270,-0.029160,16.436464
0,64003449,0.013723,0.010992,0.997477,17.541437
1,64003468,0.007637,-0.009555,0.998574,14.558011
2,64003520,0.000375,1.013277,-0.029164,16.436464
0,64003704,0.013727,0.011016,0.997461,17.651934
1,64003723,0.007645,-0.009566,0.998602,14.447514
2,64003775,0.000355,1.013266,-0.029141,16.657459
0,64003959,0.013684,0.010973,0.997516,17.651934
1,64003978,0.007629,-0.009535,0.998594,14.668509
2,64004030,0.000348,1.013262,-0.029145,16.436464
0,64004214,0.013680,0.010969,0.997480,17.651934
1,64004233,0.007637,-0.009520,0.998586,14.558011
2,64004285,0.000371,1.013262,-0.029141,16.436464
0,64004469,0.013711,0.011012,0.997488,17.541437
1,64004521,0.007648,-0.009570,0.998590,14.337016
2,64004540,0.000352,1.013266,-0.029156,16.546961
0,64004724,0.013730,0.011012,0.997488,17.651934
1,64004776,0.007633,-0.009523,0.998535,14.447514
2,64004795,0.000328,1.013285,-0.029164,16.436464
0,64004979,0.013734,0.010977,0.997504,17.541437
1,64005031,0.007637,-0.009559,0.998566,14.558011
2,64005050,0.000375,1.013273,-0.029141,16.436464
0,64005234,0.013676,0.011000,0.997500,17.541437
1,64005286,0.007617,-0.009539,0.998574,14.447514
2,64005305,0.000344,1.013277,-0.029176,16.436464
0,64005489,0.013730,0.010980,0.997457,17.541437
1,64005541,0.007617,-0.009520,0.998598,14.558011
2,64005560,0.000355,1.013289,-0.029164,16.436464
0,64005744,0.013703,0.010973,0.997508,17.651934
1,64005796,0.007625,-0.009543,0.998590,14.447514
2,64005815,0.000348,1.013281,-0.029145,16.767956
0,64005999,0.013711,0.010980,0.997543,17.651934
1,64006051,0.007645,-0.009539,0.998594,14.558011
2,64006070,0.000367,1.013277,-0.029195,16.546961
0,64006254,0.013687,0.010969,0.997551,17.430939
1,64006306,0.007645,-0.009531,0.998574,14.447514
