0,39895883,0.013734,0.010988,0.997484,18.425415
1,39896001,0.007688,-0.009516,0.998609,15.552486
2,39896020,0.000391,1.013316,-0.029125,17.541437
0,39896138,0.013750,0.010957,0.997527,18.425415
1,39896256,0.007660,-0.009543,0.998621,15.331491
2,39896275,0.000375,1.013305,-0.029113,17.651934
0,39896393,0.013762,0.010992,0.997516,18.425415
1,39896511,0.007664,-0.009527,0.998625,15.441989
2,39896530,0.000375,1.013297,-0.029180,17.430939
0,39896648,0.013730,0.011008,0.997496,18.425415
1,39896766,0.007652,-0.009535,0.998609,15.331491
2,39896785,0.000387,1.013289,-0.029145,17.430939
0,39896903,0.013727,0.010969,0.997535,18.425415
1,39897021,0.007648,-0.009551,0.998594,15.220995
2,39897040,0.000383,1.013305,-0.029129,17.430939
0,39897158,0.013719,0.010973,0.997523,18.535912
1,39897276,0.007656,-0.009535,0.998594,15.331491
2,39897295,0.000406,1.013285,-0.029113,17.320442
0,39897413,0.013723,0.011012,0.997531,18.535912
1,39897531,0.007656,-0.009547,0.998590,15.220995
2,39897550,0.000383,1.013332,-0.029141,17.430939
0,39897668,0.013719,0.010988,0.997516,18.535912
1,39897786,0.007613,-0.009559,0.998598,15.331491
2,39897805,0.000398,1.013324,-0.029133,17.099447
0,39897923,0.013742,0.010984,0.997504,18.425415
1,39898041,0.007648,-0.009520,0.998563,15.552486
2,39898060,0.000383,1.013297,-0.029164,17.430939
0,39898178,0.013766,0.011008,0.997504,18.425415
1,39898296,0.007668,-0.009531,0.998609,15.220995
2,39898315,0.000375,1.013277,-0.029180,17.209946
0,39898433,0.013738,0.011027,0.997480,18.425415
1,39898551,0.007660,-0.009500,0.998613,15.110497
2,39898570,0.000375,1.013305,-0.029129,17.209946
0,39898688,0.013719,0.011031,0.997492,18.425415
1,39898806,0.007680,-0.009527,0.998590,15.552486
2,39898825,0.000383,1.013305,-0.029152,17.430939
0,39898943,0.013738,0.011012,0.997508,18.425415
1,39899061,0.007648,-0.009535,0.998586,15.552486
2,39899080,0.000410,1.013297,-0.029164,17.541437
0,39899198,0.013719,0.010988,0.997480,18.425415
1,39899316,0.007637,-0.009520,0.998602,15.331491
2,39899335,0.000383,1.013309,-0.029148,17.430939
0,39899453,0.013742,0.010996,0.997508,18.425415
1,39899571,0.007652,-0.009520,0.998621,15.662984
2,39899590,0.000387,1.013297,-0.029121,17.430939
0,39899675,0.013773,0.011008,0.997488,18.425415
1,39899826,0.007633,-0.009512,0.998582,15.552486
2,39899845,0.000383,1.013312,-0.029133,17.430939
0,39899930,0.013750,0.010977,0.997500,18.425415
1,39900081,0.007645,-0.009520,0.998609,15.331491
2,39900100,0.000402,1.013316,-0.029133,17.541437
0,39900185,0.013754,0.011012,0.997508,18.425415
1,39900336,0.007648,-0.009523,0.998617,15.441989
2,39900355,0.000371,1.013312,-0.029168,17.430939
0,39900440,0.013738,0.011008,0.997504,18.425415
1,39900591,0.007652,-0.009547,0.998625,15.220995
2,39900643,0.000375,1.013316,-0.029160,17.320442
0,39900695,0.013770,0.010961,0.997508,18.535912
1,39900846,0.007641,-0.009520,0.998547,15.331491
2,39900898,0.000375,1.013312,-0.029133,17.430939
