1,19498683,0.007664,-0.009516,0.998648,16.546961
0,19498812,0.013773,0.010996,0.997461,19.640884
2,19498908,0.000453,1.013336,-0.029141,18.425415
1,19498938,0.007645,-0.009496,0.998664,16.546961
0,19499067,0.013805,0.011012,0.997496,19.640884
2,19499163,0.000445,1.013371,-0.029160,18.756907
1,19499193,0.007637,-0.009523,0.998664,16.546961
0,19499322,0.013773,0.011051,0.997477,19.640884
2,19499418,0.000434,1.013359,-0.029137,18.535912
1,19499448,0.007668,-0.009539,0.998637,16.215469
0,19499577,0.013777,0.011031,0.997527,19.751381
2,19499673,0.000430,1.013387,-0.029145,18.646408
1,19499703,0.007688,-0.009543,0.998648,16.436464
0,19499832,0.013793,0.010988,0.997500,19.861879
2,19499928,0.000398,1.013383,-0.029086,18.646408
1,19499958,0.007672,-0.009516,0.998648,16.546961
0,19500087,0.013785,0.010988,0.997484,19.640884
2,19500183,0.000402,1.013387,-0.029117,18.646408
1,19500213,0.007656,-0.009496,0.998645,16.436464
0,19500342,0.013773,0.011031,0.997445,19.640884
2,19500438,0.000383,1.013391,-0.029133,18.425415
1,19500468,0.007645,-0.009512,0.998652,16.546961
0,19500597,0.013785,0.011004,0.997469,19.640884
2,19500693,0.000422,1.013363,-0.029160,18.646408
1,19500723,0.007652,-0.009535,0.998672,16.436464
0,19500852,0.013785,0.011008,0.997496,19.530386
2,19500948,0.000422,1.013363,-0.029180,18.646408
1,19500978,0.007684,-0.009574,0.998602,16.546961
0,19501107,0.013785,0.011000,0.997418,19.530386
1,19501225,0.007668,-0.009539,0.998629,16.546961
2,19501244,0.000422,1.013359,-0.029188,18.646408
0,19501362,0.013773,0.011031,0.997461,19.640884
1,19501480,0.007652,-0.009512,0.998629,16.657459
2,19501499,0.000414,1.013324,-0.029160,18.535912
0,19501617,0.013766,0.011008,0.997473,19.640884
1,19501735,0.007656,-0.009508,0.998625,16.657459
2,19501754,0.000449,1.013352,-0.029141,18.535912
0,19501872,0.013758,0.011016,0.997465,19.640884
1,19501990,0.007660,-0.009531,0.998648,16.546961
2,19502009,0.000434,1.013336,-0.029141,18.425415
0,19502127,0.013766,0.011020,0.997449,19.640884
1,19502245,0.007648,-0.009543,0.998641,16.436464
2,19502264,0.000434,1.013352,-0.029191,18.646408
0,19502382,0.013773,0.011016,0.997484,19.419889
1,19502500,0.007664,-0.009562,0.998648,16.657459
2,19502519,0.000434,1.013359,-0.029176,18.425415
0,19502637,0.013770,0.010988,0.997508,19.530386
1,19502755,0.007664,-0.009516,0.998660,16.436464
2,19502774,0.000426,1.013379,-0.029160,18.756907
0,19502892,0.013785,0.011012,0.997539,19.640884
1,19503010,0.007676,-0.009535,0.998645,16.657459
2,19503029,0.000434,1.013363,-0.029184,18.425415
0,19503147,0.013770,0.011008,0.997516,19.640884
1,19503265,0.007648,-0.009535,0.998609,16.546961
2,19503284,0.000402,1.013379,-0.029148,18.425415
0,19503402,0.013781,0.011012,0.997508,19.419889
1,19503520,0.007672,-0.009508,0.998625,16.657459
2,19503539,0.000406,1.013379,-0.029156,18.646408
0,19503657,0.013758,0.011012,0.997496,19.530386
