2,86251423,0.000320,1.013227,-0.029227,14.889503
1,86251453,0.007613,-0.009523,0.998602,12.679558
0,86251516,0.013633,0.010973,0.997531,15.883978
2,86251678,0.000297,1.013219,-0.029199,14.779005
1,86251708,0.007625,-0.009547,0.998609,12.790055
0,86251771,0.013656,0.011000,0.997504,15.773480
2,86251933,0.000301,1.013230,-0.029223,14.779005
1,86251963,0.007621,-0.009535,0.998582,12.900553
0,86252026,0.013652,0.010996,0.997496,15.883978
2,86252188,0.000305,1.013227,-0.029195,14.779005
1,86252218,0.007609,-0.009512,0.998598,12.679558
0,86252281,0.013684,0.010973,0.997473,15.883978
2,86252443,0.000293,1.013242,-0.029180,14.558011
1,86252473,0.007605,-0.009539,0.998594,12.790055
0,86252536,0.013645,0.010965,0.997430,15.883978
2,86252698,0.000309,1.013238,-0.029184,14.779005
1,86252728,0.007594,-0.009527,0.998629,12.569060
0,86252791,0.013641,0.011000,0.997484,15.773480
2,86252953,0.000332,1.013207,-0.029238,14.779005
1,86252983,0.007605,-0.009531,0.998578,12.569060
0,86253046,0.013645,0.010980,0.997504,15.883978
2,86253208,0.000320,1.013242,-0.029211,14.447514
1,86253238,0.007629,-0.009547,0.998605,12.679558
0,86253301,0.013676,0.011016,0.997520,15.773480
2,86253463,0.000289,1.013238,-0.029172,14.558011
1,86253493,0.007633,-0.009586,0.998617,12.679558
0,86253556,0.013668,0.010973,0.997504,15.994475
2,86253718,0.000289,1.013246,-0.029195,14.889503
1,86253748,0.007598,-0.009551,0.998574,12.790055
0,86253811,0.013648,0.010977,0.997477,15.773480
2,86253973,0.000309,1.013219,-0.029199,14.558011
1,86254003,0.007594,-0.009543,0.998625,12.679558
0,86254066,0.013629,0.010965,0.997516,15.773480
2,86254228,0.000320,1.013215,-0.029199,14.779005
1,86254258,0.007621,-0.009547,0.998617,12.790055
0,86254321,0.013648,0.010992,0.997508,15.773480
1,86254505,0.007652,-0.009559,0.998609,12.679558
2,86254524,0.000309,1.013211,-0.029238,14.558011
0,86254576,0.013652,0.011020,0.997480,15.773480
1,86254760,0.007621,-0.009566,0.998621,12.569060
2,86254779,0.000324,1.013223,-0.029223,14.558011
0,86254831,0.013703,0.010977,0.997520,15.773480
1,86255015,0.007633,-0.009531,0.998621,12.790055
2,86255034,0.000293,1.013238,-0.029191,14.558011
0,86255086,0.013664,0.010980,0.997496,15.773480
1,86255270,0.007629,-0.009531,0.998590,12.900553
2,86255289,0.000320,1.013203,-0.029215,14.668509
0,86255341,0.013680,0.011008,0.997500,15.883978
1,86255525,0.007613,-0.009535,0.998602,12.679558
2,86255544,0.000301,1.013234,-0.029238,14.558011
0,86255596,0.013656,0.010980,0.997504,15.773480
1,86255780,0.007613,-0.009539,0.998617,12.679558
2,86255799,0.000309,1.013230,-0.029230,14.779005
0,86255851,0.013668,0.010953,0.997516,15.662984
1,86256035,0.007629,-0.009559,0.998590,12.679558
2,86256054,0.000301,1.013234,-0.029238,14.779005
0,86256106,0.013668,0.010965,0.997508,15.994475
1,86256290,0.007617,-0.009539,0.998594,12.679558
2,86256309,0.000312,1.013246,-0.029164,14.779005
0,86256361,0.013672,0.010961,0.997492,15.883978
