0,78834738,0.013660,0.010992,0.997414,15.331491
1,78834889,0.007633,-0.009551,0.998531,12.237569
2,78834908,0.000293,1.013188,-0.029254,14.337016
0,78834993,0.013656,0.010973,0.997437,15.441989
1,78835144,0.007602,-0.009543,0.998582,12.237569
2,78835163,0.000273,1.013203,-0.029242,14.226520
0,78835248,0.013637,0.011008,0.997434,15.220995
1,78835399,0.007609,-0.009559,0.998590,12.458564
2,78835418,0.000285,1.013223,-0.029207,14.337016
0,78835503,0.013625,0.010984,0.997379,15.331491
1,78835654,0.007625,-0.009547,0.998574,12.348066
2,78835673,0.000324,1.013223,-0.029262,14.337016
0,78835758,0.013672,0.010988,0.997395,15.441989
1,78835909,0.007629,-0.009527,0.998570,12.237569
2,78835928,0.000316,1.013227,-0.029250,14.337016
0,78836013,0.013633,0.010996,0.997418,15.552486
1,78836164,0.007625,-0.009527,0.998566,12.237569
2,78836183,0.000320,1.013227,-0.029250,14.005525
0,78836268,0.013648,0.010992,0.997422,15.331491
1,78836419,0.007645,-0.009535,0.998543,12.348066
2,78836438,0.000344,1.013203,-0.029254,14.337016
0,78836523,0.013652,0.010980,0.997430,15.331491
1,78836674,0.007645,-0.009547,0.998547,12.237569
2,78836693,0.000324,1.013215,-0.029262,14.005525
0,78836778,0.013672,0.011016,0.997398,15.662984
1,78836929,0.007637,-0.009543,0.998574,12.237569
2,78836981,0.000312,1.013195,-0.029250,14.226520
0,78837033,0.013641,0.011012,0.997410,15.331491
1,78837184,0.007648,-0.009543,0.998613,12.127071
2,78837236,0.000305,1.013215,-0.029250,14.226520
0,78837288,0.013656,0.010980,0.997426,15.441989
1,78837439,0.007613,-0.009535,0.998566,12.237569
2,78837491,0.000309,1.013207,-0.029230,14.226520
0,78837543,0.013648,0.010996,0.997398,15.331491
1,78837694,0.007645,-0.009539,0.998543,12.348066
2,78837746,0.000297,1.013195,-0.029246,14.226520
0,78837798,0.013637,0.010992,0.997430,15.220995
1,78837949,0.007648,-0.009523,0.998578,12.348066
2,78838001,0.000289,1.013199,-0.029293,14.337016
0,78838053,0.013648,0.010965,0.997387,15.441989
1,78838204,0.007641,-0.009562,0.998602,12.237569
2,78838256,0.000277,1.013215,-0.029242,14.226520
0,78838308,0.013664,0.010988,0.997395,15.331491
1,78838459,0.007629,-0.009566,0.998555,12.458564
2,78838511,0.000328,1.013219,-0.029270,14.337016
0,78838563,0.013680,0.010984,0.997437,15.331491
1,78838714,0.007652,-0.009555,0.998559,12.348066
2,78838766,0.000320,1.013211,-0.029266,14.116022
0,78838818,0.013645,0.011016,0.997410,15.220995
1,78838969,0.007660,-0.009539,0.998559,12.237569
2,78839021,0.000328,1.013230,-0.029277,14.337016
0,78839073,0.013656,0.011008,0.997406,15.220995
1,78839224,0.007633,-0.009551,0.998559,12.237569
2,78839276,0.000324,1.013230,-0.029223,14.337016
0,78839328,0.013691,0.010992,0.997410,15.441989
1,78839479,0.007637,-0.009586,0.998523,12.237569
2,78839531,0.000324,1.013191,-0.029207,14.116022
0,78839583,0.013684,0.010988,0.997473,15.331491
1,78839734,0.007621,-0.009559,0.998539,12.237569
2,78839786,0.000332,1.013195,-0.029168,14.116022
