1,30624854,0.007664,-0.009535,0.998605,15.994475
0,30624983,0.013785,0.011012,0.997512,19.088398
2,30625013,0.000402,1.013363,-0.029145,17.872929
1,30625109,0.007656,-0.009535,0.998602,15.773480
0,30625238,0.013746,0.010988,0.997496,18.867403
2,30625268,0.000395,1.013344,-0.029125,17.872929
1,30625364,0.007633,-0.009543,0.998613,15.773480
0,30625493,0.013762,0.010988,0.997484,19.198895
2,30625523,0.000410,1.013340,-0.029117,17.872929
1,30625619,0.007656,-0.009504,0.998621,15.773480
0,30625748,0.013766,0.010980,0.997492,19.198895
2,30625778,0.000414,1.013340,-0.029168,17.872929
1,30625874,0.007648,-0.009520,0.998633,15.883978
0,30626003,0.013750,0.010980,0.997445,18.977901
2,30626033,0.000410,1.013344,-0.029223,17.872929
1,30626129,0.007645,-0.009512,0.998609,16.104973
0,30626258,0.013777,0.010984,0.997461,19.088398
2,30626288,0.000410,1.013336,-0.029125,17.872929
1,30626384,0.007648,-0.009551,0.998621,15.773480
0,30626513,0.013754,0.011000,0.997484,19.088398
2,30626543,0.000383,1.013355,-0.029137,17.872929
1,30626639,0.007645,-0.009543,0.998641,15.883978
0,30626735,0.013703,0.010996,0.997480,18.867403
2,30626798,0.000359,1.013324,-0.029137,17.983425
1,30626894,0.007648,-0.009555,0.998598,15.883978
0,30626990,0.013738,0.010996,0.997477,18.977901
2,30627053,0.000379,1.013355,-0.029188,17.872929
1,30627149,0.007652,-0.009574,0.998629,15.883978
0,30627245,0.013754,0.010969,0.997508,18.867403
2,30627308,0.000395,1.013344,-0.029223,17.872929
1,30627437,0.007648,-0.009535,0.998660,15.773480
0,30627500,0.013770,0.010980,0.997480,19.198895
2,30627563,0.000383,1.013344,-0.029176,17.872929
1,30627692,0.007656,-0.009527,0.998613,15.883978
0,30627755,0.013750,0.010973,0.997477,19.088398
2,30627818,0.000371,1.013336,-0.029145,17.651934
1,30627947,0.007664,-0.009504,0.998625,15.994475
0,30628010,0.013742,0.010980,0.997508,18.867403
2,30628073,0.000383,1.013340,-0.029176,17.762430
1,30628202,0.007652,-0.009520,0.998586,15.883978
0,30628265,0.013758,0.010969,0.997465,18.977901
2,30628328,0.000410,1.013340,-0.029164,17.872929
1,30628457,0.007652,-0.009512,0.998605,15.773480
0,30628520,0.013754,0.010992,0.997457,19.088398
2,30628583,0.000398,1.013328,-0.029148,17.872929
1,30628712,0.007645,-0.009496,0.998648,15.883978
0,30628775,0.013734,0.010996,0.997492,18.977901
2,30628838,0.000355,1.013289,-0.029164,17.983425
1,30628967,0.007672,-0.009512,0.998664,15.773480
0,30629030,0.013734,0.011004,0.997480,19.198895
2,30629093,0.000379,1.013344,-0.029156,17.872929
1,30629222,0.007648,-0.009531,0.998629,15.994475
0,30629285,0.013750,0.010988,0.997484,19.088398
2,30629348,0.000371,1.013324,-0.029195,17.762430
1,30629477,0.007652,-0.009535,0.998625,16.104973
0,30629540,0.013770,0.011004,0.997449,18.977901
2,30629603,0.000379,1.013359,-0.029145,17.872929
1,30629732,0.007641,-0.009535,0.998633,15.773480
0,30629795,0.013770,0.010996,0.997500,19.198895
2,30629858,0.000379,1.013348,-0.029137,17.872929
