1,24134517,0.007652,-0.009535,0.998641,16.325968
0,24134547,0.013750,0.011000,0.997500,19.419889
2,24134577,0.000398,1.013379,-0.029168,18.314917
1,24134772,0.007652,-0.009516,0.998652,16.104973
0,24134802,0.013781,0.011000,0.997453,19.419889
2,24134832,0.000402,1.013367,-0.029219,18.314917
1,24135027,0.007676,-0.009512,0.998652,16.215469
0,24135057,0.013766,0.011004,0.997449,19.309393
2,24135087,0.000414,1.013355,-0.029129,18.425415
1,24135282,0.007664,-0.009535,0.998684,16.436464
0,24135312,0.013770,0.010977,0.997449,19.530386
2,24135342,0.000430,1.013324,-0.029141,17.983425
1,24135537,0.007633,-0.009516,0.998652,16.104973
0,24135567,0.013777,0.011016,0.997461,19.419889
2,24135597,0.000387,1.013316,-0.029191,18.425415
1,24135792,0.007664,-0.009520,0.998613,16.215469
0,24135822,0.013801,0.010996,0.997465,19.419889
2,24135852,0.000418,1.013359,-0.029207,18.425415
1,24136047,0.007656,-0.009551,0.998605,16.325968
0,24136077,0.013777,0.011000,0.997477,19.309393
2,24136107,0.000430,1.013348,-0.029160,18.314917
1,24136302,0.007656,-0.009555,0.998633,16.104973
0,24136332,0.013773,0.011004,0.997480,19.309393
2,24136362,0.000434,1.013359,-0.029168,18.425415
1,24136557,0.007648,-0.009539,0.998668,16.436464
0,24136587,0.013781,0.011016,0.997461,19.419889
2,24136617,0.000426,1.013359,-0.029199,18.204420
1,24136812,0.007676,-0.009508,0.998641,16.325968
0,24136842,0.013746,0.010992,0.997484,19.309393
2,24136872,0.000398,1.013352,-0.029176,18.314917
1,24137067,0.007660,-0.009535,0.998637,16.215469
0,24137097,0.013773,0.010996,0.997484,19.419889
2,24137127,0.000414,1.013355,-0.029184,18.314917
1,24137322,0.007664,-0.009543,0.998621,16.215469
0,24137352,0.013762,0.010977,0.997488,19.309393
2,24137382,0.000426,1.013367,-0.029203,18.425415
1,24137577,0.007660,-0.009531,0.998625,16.325968
0,24137607,0.013758,0.010984,0.997512,19.309393
2,24137637,0.000410,1.013348,-0.029184,18.314917
1,24137832,0.007668,-0.009543,0.998637,16.104973
0,24137862,0.013781,0.011012,0.997492,19.419889
2,24137892,0.000395,1.013316,-0.029184,18.425415
1,24138087,0.007680,-0.009547,0.998648,16.215469
0,24138117,0.013773,0.011020,0.997480,19.419889
2,24138147,0.000402,1.013332,-0.029129,18.314917
1,24138342,0.007656,-0.009512,0.998648,16.436464
0,24138372,0.013750,0.011016,0.997504,19.309393
2,24138402,0.000395,1.013348,-0.029152,18.093924
1,24138597,0.007668,-0.009535,0.998641,16.215469
0,24138627,0.013754,0.010984,0.997461,19.419889
2,24138657,0.000402,1.013383,-0.029191,18.425415
1,24138852,0.007668,-0.009562,0.998680,16.104973
0,24138882,0.013758,0.010996,0.997473,19.309393
2,24138912,0.000402,1.013352,-0.029176,18.314917
1,24139107,0.007660,-0.009535,0.998664,16.325968
0,24139137,0.013766,0.011012,0.997418,19.419889
2,24139167,0.000414,1.013324,-0.029160,18.425415
1,24139362,0.007668,-0.009520,0.998645,16.436464
0,24139392,0.013746,0.010992,0.997461,19.309393
2,24139422,0.000375,1.013352,-0.029145,18.314917
