1,56584539,0.007637,-0.009523,0.998625,14.447514
2,56584558,0.000348,1.013309,-0.029152,16.657459
0,56584676,0.013707,0.010980,0.997480,17.651934
1,56584794,0.007637,-0.009516,0.998605,14.558011
2,56584813,0.000363,1.013312,-0.029121,16.657459
0,56584931,0.013699,0.010988,0.997504,17.872929
1,56585049,0.007656,-0.009539,0.998590,14.558011
2,56585068,0.000348,1.013293,-0.029137,16.657459
0,56585186,0.013687,0.010996,0.997465,17.872929
1,56585304,0.007660,-0.009535,0.998574,14.668509
2,56585323,0.000371,1.013277,-0.029184,16.657459
0,56585441,0.013727,0.011000,0.997508,17.651934
1,56585559,0.007637,-0.009531,0.998605,14.558011
2,56585578,0.000367,1.013293,-0.029191,16.657459
0,56585696,0.013715,0.010996,0.997508,17.872929
1,56585814,0.007652,-0.009527,0.998609,14.889503
2,56585833,0.000359,1.013297,-0.029211,16.657459
0,56585951,0.013703,0.010992,0.997527,17.541437
1,56586069,0.007629,-0.009539,0.998594,14.558011
2,56586088,0.000355,1.013281,-0.029145,16.767956
0,56586206,0.013699,0.011020,0.997484,17.762430
1,56586324,0.007645,-0.009527,0.998574,14.668509
2,56586343,0.000355,1.013273,-0.029129,16.767956
0,56586461,0.013703,0.010996,0.997492,17.651934
1,56586579,0.007637,-0.009500,0.998598,14.558011
2,56586598,0.000359,1.013254,-0.029160,16.657459
0,56586716,0.013703,0.011000,0.997457,17.762430
1,56586834,0.007660,-0.009543,0.998602,14.889503
2,56586853,0.000363,1.013281,-0.029125,16.657459
0,56586971,0.013680,0.011020,0.997523,17.651934
1,56587089,0.007660,-0.009527,0.998617,14.668509
2,56587108,0.000379,1.013289,-0.029129,16.657459
0,56587226,0.013660,0.010992,0.997488,17.872929
1,56587344,0.007641,-0.009543,0.998590,14.668509
2,56587363,0.000363,1.013297,-0.029121,16.546961
0,56587481,0.013684,0.011004,0.997496,17.872929
1,56587599,0.007668,-0.009570,0.998594,14.558011
2,56587618,0.000352,1.013293,-0.029156,16.878452
0,56587736,0.013703,0.011035,0.997512,17.651934
1,56587854,0.007645,-0.009562,0.998566,14.889503
2,56587873,0.000367,1.013289,-0.029164,16.657459
0,56587991,0.013687,0.011000,0.997531,17.762430
1,56588109,0.007645,-0.009562,0.998574,14.558011
2,56588128,0.000387,1.013293,-0.029121,16.657459
0,56588246,0.013715,0.010996,0.997512,17.872929
1,56588364,0.007664,-0.009543,0.998594,14.558011
2,56588383,0.000395,1.013281,-0.029121,16.546961
0,56588501,0.013727,0.011008,0.997488,17.872929
1,56588619,0.007652,-0.009523,0.998605,14.779005
2,56588638,0.000395,1.013293,-0.029156,16.657459
0,56588756,0.013738,0.010988,0.997469,17.541437
1,56588874,0.007637,-0.009512,0.998586,14.558011
2,56588893,0.000387,1.013301,-0.029172,16.878452
0,56588978,0.013727,0.010996,0.997516,17.872929
1,56589129,0.007641,-0.009543,0.998590,14.668509
2,56589148,0.000359,1.013293,-0.029145,16.657459
0,56589233,0.013699,0.010992,0.997504,17.541437
1,56589384,0.007652,-0.009508,0.998621,14.558011
2,56589403,0.000348,1.013305,-0.029117,16.546961
0,56589488,0.013711,0.010992,0.997480,17.872929
