1,52875197,0.007648,-0.009539,0.998629,14.779005
2,52875249,0.000371,1.013297,-0.029141,16.767956
0,52875268,0.013719,0.010996,0.997480,17.762430
1,52875452,0.007629,-0.009523,0.998625,14.889503
2,52875504,0.000359,1.013285,-0.029156,16.988951
0,52875523,0.013699,0.010984,0.997480,17.983425
1,52875707,0.007629,-0.009555,0.998621,14.779005
2,52875759,0.000363,1.013285,-0.029125,16.878452
0,52875778,0.013703,0.010984,0.997480,17.983425
1,52875962,0.007648,-0.009512,0.998637,14.779005
2,52876014,0.000387,1.013297,-0.029152,16.878452
0,52876033,0.013691,0.010988,0.997516,17.872929
1,52876217,0.007621,-0.009531,0.998645,14.779005
2,52876269,0.000371,1.013320,-0.029160,16.657459
0,52876288,0.013723,0.011004,0.997453,17.872929
1,52876472,0.007629,-0.009539,0.998590,14.889503
2,52876524,0.000379,1.013262,-0.029125,16.767956
0,52876543,0.013707,0.011000,0.997504,17.872929
1,52876727,0.007625,-0.009539,0.998629,14.668509
2,52876779,0.000383,1.013281,-0.029160,16.657459
0,52876798,0.013719,0.011000,0.997469,18.093924
1,52876982,0.007625,-0.009523,0.998590,14.668509
0,52877045,0.013703,0.011023,0.997496,17.872929
2,52877075,0.000391,1.013328,-0.029180,16.657459
1,52877237,0.007617,-0.009523,0.998594,14.889503
0,52877300,0.013703,0.010965,0.997535,17.872929
2,52877330,0.000371,1.013301,-0.029188,16.657459
1,52877492,0.007633,-0.009527,0.998578,14.889503
0,52877555,0.013719,0.010945,0.997492,17.983425
2,52877585,0.000379,1.013293,-0.029188,16.878452
1,52877747,0.007633,-0.009535,0.998586,14.779005
0,52877810,0.013687,0.010965,0.997520,17.762430
2,52877840,0.000391,1.013285,-0.029152,16.767956
1,52878002,0.007633,-0.009535,0.998648,14.889503
0,52878065,0.013687,0.010973,0.997523,17.983425
2,52878095,0.000383,1.013273,-0.029141,16.767956
1,52878257,0.007605,-0.009523,0.998621,14.889503
0,52878320,0.013699,0.010969,0.997527,17.872929
2,52878350,0.000391,1.013297,-0.029172,16.657459
1,52878512,0.007652,-0.009531,0.998613,14.558011
0,52878575,0.013691,0.010988,0.997496,17.872929
2,52878605,0.000375,1.013301,-0.029172,16.878452
1,52878767,0.007676,-0.009523,0.998633,14.779005
0,52878830,0.013680,0.010984,0.997488,17.872929
2,52878860,0.000383,1.013270,-0.029172,16.878452
1,52879022,0.007656,-0.009559,0.998602,14.889503
0,52879085,0.013719,0.010980,0.997496,17.762430
2,52879115,0.000387,1.013293,-0.029203,16.878452
1,52879277,0.007648,-0.009547,0.998594,14.889503
0,52879340,0.013746,0.010992,0.997500,17.872929
2,52879370,0.000395,1.013301,-0.029176,16.767956
1,52879532,0.007613,-0.009539,0.998633,15.110497
0,52879595,0.013707,0.011012,0.997531,17.872929
2,52879625,0.000398,1.013309,-0.029188,16.657459
1,52879787,0.007625,-0.009535,0.998629,14.889503
0,52879850,0.013695,0.010984,0.997520,17.872929
2,52879880,0.000395,1.013293,-0.029172,16.657459
1,52880042,0.007645,-0.009520,0.998594,14.779005
0,52880105,0.013719,0.010988,0.997508,17.872929
2,52880135,0.000375,1.013270,-0.029105,16.878452
