0,81616018,0.013641,0.011008,0.997461,15.110497
1,81616037,0.007594,-0.009578,0.998508,11.685082
2,81616089,0.000285,1.013207,-0.029238,13.895027
0,81616273,0.013637,0.011008,0.997437,14.889503
1,81616292,0.007598,-0.009574,0.998547,12.127071
2,81616344,0.000293,1.013195,-0.029254,13.895027
0,81616495,0.013633,0.011027,0.997395,15.000000
1,81616547,0.007590,-0.009559,0.998563,11.795580
2,81616599,0.000312,1.013195,-0.029230,14.005525
0,81616750,0.013645,0.010992,0.997418,14.889503
1,81616802,0.007605,-0.009566,0.998547,11.906077
2,81616854,0.000312,1.013219,-0.029223,14.005525
0,81617005,0.013625,0.010980,0.997422,15.000000
1,81617057,0.007598,-0.009570,0.998547,12.016575
2,81617109,0.000281,1.013191,-0.029207,14.005525
0,81617260,0.013645,0.011008,0.997445,15.110497
1,81617312,0.007613,-0.009516,0.998559,11.906077
2,81617364,0.000305,1.013176,-0.029230,13.895027
0,81617515,0.013656,0.011008,0.997465,14.889503
1,81617567,0.007613,-0.009551,0.998527,12.016575
2,81617619,0.000320,1.013156,-0.029258,14.005525
0,81617770,0.013672,0.011031,0.997480,15.110497
1,81617822,0.007602,-0.009574,0.998508,11.906077
2,81617874,0.000270,1.013164,-0.029223,13.895027
0,81618025,0.013645,0.011004,0.997422,15.110497
1,81618077,0.007602,-0.009551,0.998527,12.127071
2,81618129,0.000277,1.013180,-0.029203,13.895027
0,81618280,0.013637,0.011008,0.997473,15.110497
1,81618332,0.007602,-0.009551,0.998559,12.016575
2,81618417,0.000309,1.013184,-0.029223,14.005525
0,81618535,0.013672,0.011008,0.997449,15.000000
1,81618587,0.007645,-0.009574,0.998605,12.016575
2,81618672,0.000309,1.013199,-0.029273,14.005525
0,81618790,0.013664,0.011004,0.997465,15.110497
1,81618842,0.007617,-0.009605,0.998570,12.016575
2,81618927,0.000293,1.013203,-0.029203,14.005525
0,81619045,0.013637,0.011012,0.997449,15.110497
1,81619097,0.007625,-0.009570,0.998590,11.906077
2,81619182,0.000293,1.013195,-0.029219,14.005525
0,81619300,0.013637,0.011000,0.997473,15.110497
1,81619352,0.007641,-0.009551,0.998559,12.237569
2,81619437,0.000273,1.013172,-0.029188,14.005525
0,81619555,0.013652,0.010992,0.997500,15.110497
1,81619607,0.007605,-0.009543,0.998559,12.016575
2,81619692,0.000277,1.013184,-0.029211,14.005525
0,81619810,0.013652,0.011012,0.997469,15.110497
1,81619862,0.007605,-0.009570,0.998559,12.016575
2,81619947,0.000309,1.013195,-0.029238,14.005525
0,81620065,0.013664,0.011031,0.997449,15.110497
1,81620117,0.007629,-0.009527,0.998547,12.127071
2,81620202,0.000293,1.013188,-0.029195,14.116022
0,81620320,0.013652,0.010992,0.997488,15.110497
1,81620372,0.007621,-0.009547,0.998523,11.795580
2,81620457,0.000281,1.013172,-0.029227,14.005525
0,81620575,0.013660,0.010977,0.997449,15.000000
1,81620627,0.007625,-0.009562,0.998566,12.016575
2,81620712,0.000297,1.013207,-0.029219,13.895027
0,81620830,0.013625,0.010988,0.997418,15.000000
1,81620882,0.007625,-0.009559,0.998527,12.127071
2,81620967,0.000301,1.013199,-0.029246,14.005525
