2,65855468,0.000344,1.013281,-0.029164,16.657459
0,65855652,0.013711,0.010973,0.997500,17.541437
1,65855671,0.007613,-0.009531,0.998598,14.447514
2,65855723,0.000355,1.013293,-0.029133,16.657459
0,65855907,0.013684,0.010969,0.997492,17.541437
1,65855926,0.007633,-0.009531,0.998613,14.337016
2,65855978,0.000355,1.013289,-0.029152,16.546961
0,65856162,0.013707,0.010992,0.997496,17.872929
1,65856181,0.007652,-0.009551,0.998629,14.337016
2,65856233,0.000379,1.013293,-0.029152,16.436464
0,65856417,0.013711,0.010977,0.997512,17.541437
1,65856436,0.007680,-0.009559,0.998645,14.558011
2,65856488,0.000352,1.013266,-0.029160,16.436464
0,65856672,0.013687,0.010961,0.997504,17.651934
1,65856691,0.007652,-0.009535,0.998617,14.668509
2,65856743,0.000359,1.013289,-0.029133,16.546961
0,65856927,0.013703,0.010965,0.997516,17.541437
1,65856946,0.007648,-0.009551,0.998586,14.337016
2,65856998,0.000371,1.013266,-0.029168,16.546961
0,65857182,0.013680,0.010984,0.997496,17.541437
1,65857201,0.007625,-0.009539,0.998566,14.447514
2,65857253,0.000328,1.013266,-0.029164,16.546961
0,65857437,0.013691,0.010984,0.997516,17.541437
1,65857456,0.007641,-0.009551,0.998605,14.337016
2,65857508,0.000348,1.013266,-0.029172,16.546961
0,65857692,0.013699,0.010992,0.997574,17.541437
1,65857711,0.007656,-0.009523,0.998602,14.447514
2,65857763,0.000367,1.013270,-0.029145,16.657459
0,65857947,0.013711,0.011016,0.997547,17.651934
1,65857966,0.007648,-0.009520,0.998578,14.668509
2,65858018,0.000352,1.013277,-0.029160,16.546961
0,65858202,0.013711,0.010961,0.997574,17.541437
1,65858221,0.007660,-0.009523,0.998625,14.337016
2,65858273,0.000324,1.013289,-0.029152,16.436464
0,65858457,0.013684,0.010988,0.997504,17.541437
1,65858476,0.007648,-0.009559,0.998590,14.558011
2,65858528,0.000352,1.013277,-0.029180,16.436464
0,65858712,0.013687,0.011004,0.997512,17.541437
1,65858731,0.007637,-0.009547,0.998613,14.337016
2,65858783,0.000379,1.013285,-0.029176,16.657459
0,65858967,0.013703,0.011008,0.997523,17.541437
1,65858986,0.007645,-0.009551,0.998602,14.447514
2,65859038,0.000367,1.013301,-0.029195,16.546961
0,65859222,0.013707,0.011012,0.997520,17.541437
1,65859241,0.007637,-0.009531,0.998602,14.447514
2,65859293,0.000359,1.013297,-0.029168,16.436464
0,65859477,0.013703,0.011004,0.997488,17.430939
1,65859496,0.007645,-0.009508,0.998574,14.447514
2,65859548,0.000355,1.013289,-0.029145,16.546961
0,65859732,0.013715,0.011004,0.997473,17.541437
1,65859751,0.007625,-0.009512,0.998609,14.447514
2,65859803,0.000332,1.013297,-0.029164,16.546961
0,65859987,0.013746,0.011020,0.997484,17.541437
1,65860006,0.007613,-0.009531,0.998582,14.337016
2,65860058,0.000332,1.013266,-0.029156,16.546961
0,65860242,0.013680,0.010996,0.997484,17.541437
1,65860261,0.007645,-0.009523,0.998602,14.337016
2,65860313,0.000359,1.013258,-0.029176,16.436464
0,65860497,0.013703,0.011020,0.997496,17.541437
1,65860516,0.007641,-0.009523,0.998586,14.447514
