2,72345101,0.000336,1.013289,-0.029160,16.215469
0,72345186,0.013711,0.011023,0.997508,17.541437
1,72345205,0.007641,-0.009539,0.998637,14.337016
2,72345356,0.000359,1.013297,-0.029133,16.215469
0,72345441,0.013703,0.011016,0.997527,17.430939
1,72345460,0.007633,-0.009520,0.998586,14.337016
2,72345611,0.000352,1.013293,-0.029082,16.215469
0,72345663,0.013687,0.010973,0.997504,17.541437
1,72345715,0.007637,-0.009539,0.998605,14.337016
2,72345866,0.000344,1.013285,-0.029156,16.546961
0,72345918,0.013727,0.010980,0.997512,17.541437
1,72345970,0.007637,-0.009547,0.998613,14.337016
2,72346121,0.000344,1.013262,-0.029156,16.436464
0,72346173,0.013719,0.010984,0.997508,17.541437
1,72346225,0.007656,-0.009551,0.998621,14.558011
2,72346376,0.000359,1.013273,-0.029184,16.657459
0,72346428,0.013680,0.010977,0.997516,17.541437
1,72346480,0.007664,-0.009535,0.998602,14.558011
2,72346631,0.000387,1.013273,-0.029168,16.436464
0,72346683,0.013703,0.010984,0.997508,17.541437
1,72346735,0.007645,-0.009562,0.998602,14.337016
2,72346886,0.000363,1.013266,-0.029133,16.436464
0,72346938,0.013719,0.010980,0.997566,17.541437
1,72346990,0.007648,-0.009570,0.998617,14.447514
2,72347141,0.000406,1.013281,-0.029133,16.436464
0,72347193,0.013684,0.010984,0.997488,17.541437
1,72347245,0.007621,-0.009555,0.998637,14.558011
2,72347396,0.000395,1.013285,-0.029164,16.546961
0,72347448,0.013711,0.010988,0.997477,17.541437
1,72347500,0.007641,-0.009551,0.998641,14.447514
2,72347651,0.000359,1.013285,-0.029164,16.546961
0,72347703,0.013727,0.011008,0.997508,17.541437
1,72347755,0.007656,-0.009543,0.998617,14.337016
2,72347906,0.000324,1.013309,-0.029164,16.436464
0,72347958,0.013734,0.011004,0.997539,17.541437
1,72348010,0.007645,-0.009543,0.998594,14.447514
2,72348161,0.000363,1.013293,-0.029109,16.436464
0,72348213,0.013723,0.010992,0.997516,17.541437
1,72348265,0.007633,-0.009543,0.998586,14.337016
2,72348416,0.000367,1.013277,-0.029152,16.546961
0,72348468,0.013719,0.010973,0.997527,17.541437
1,72348520,0.007633,-0.009547,0.998621,14.337016
2,72348671,0.000379,1.013258,-0.029164,16.546961
0,72348723,0.013699,0.011004,0.997555,17.541437
1,72348775,0.007660,-0.009543,0.998613,14.447514
2,72348926,0.000379,1.013273,-0.029121,16.546961
0,72348978,0.013707,0.010996,0.997523,17.430939
1,72349030,0.007633,-0.009523,0.998563,14.337016
2,72349181,0.000336,1.013293,-0.029102,16.436464
0,72349233,0.013719,0.010980,0.997484,17.541437
1,72349285,0.007648,-0.009527,0.998570,14.337016
2,72349436,0.000344,1.013281,-0.029109,16.436464
0,72349488,0.013703,0.010984,0.997465,17.430939
1,72349540,0.007625,-0.009562,0.998590,14.447514
2,72349691,0.000348,1.013266,-0.029141,16.325968
0,72349743,0.013707,0.010992,0.997543,17.541437
1,72349795,0.007621,-0.009562,0.998617,14.447514
2,72349946,0.000320,1.013266,-0.029172,16.325968
0,72349998,0.013715,0.010969,0.997543,17.541437
1,72350050,0.007590,-0.009535,0.998586,14.337016
