0,68636667,0.013715,0.010965,0.997508,17.541437
1,68636719,0.007648,-0.009562,0.998582,14.668509
2,68636804,0.000340,1.013273,-0.029098,16.546961
0,68636889,0.013723,0.011008,0.997508,17.541437
1,68636974,0.007613,-0.009566,0.998625,14.337016
2,68637059,0.000344,1.013258,-0.029137,16.436464
0,68637144,0.013695,0.011004,0.997465,17.541437
1,68637229,0.007617,-0.009555,0.998609,14.558011
2,68637314,0.000352,1.013270,-0.029137,16.657459
0,68637399,0.013695,0.010969,0.997523,17.872929
1,68637517,0.007645,-0.009527,0.998609,14.447514
2,68637569,0.000363,1.013266,-0.029160,16.546961
0,68637654,0.013699,0.010973,0.997559,17.651934
1,68637772,0.007664,-0.009555,0.998617,14.447514
2,68637824,0.000367,1.013258,-0.029105,16.657459
0,68637909,0.013703,0.010980,0.997516,17.651934
1,68638027,0.007629,-0.009531,0.998602,14.447514
2,68638079,0.000352,1.013293,-0.029133,16.767956
0,68638164,0.013719,0.010992,0.997531,17.541437
1,68638282,0.007645,-0.009551,0.998594,14.447514
2,68638334,0.000348,1.013309,-0.029164,16.436464
0,68638419,0.013703,0.010969,0.997531,17.651934
1,68638537,0.007648,-0.009531,0.998605,14.447514
2,68638589,0.000352,1.013289,-0.029137,16.657459
0,68638674,0.013691,0.011012,0.997543,17.651934
1,68638792,0.007629,-0.009539,0.998582,14.337016
2,68638844,0.000355,1.013285,-0.029152,16.657459
0,68638929,0.013707,0.011000,0.997527,17.541437
1,68639047,0.007633,-0.009555,0.998570,14.558011
2,68639099,0.000344,1.013293,-0.029129,16.546961
0,68639184,0.013684,0.011004,0.997543,17.872929
1,68639302,0.007641,-0.009551,0.998613,14.558011
2,68639354,0.000336,1.013285,-0.029145,16.767956
0,68639439,0.013699,0.011023,0.997539,17.651934
1,68639557,0.007641,-0.009527,0.998617,14.447514
2,68639609,0.000344,1.013293,-0.029152,16.546961
0,68639694,0.013738,0.010992,0.997570,17.541437
1,68639812,0.007637,-0.009535,0.998555,14.447514
2,68639864,0.000340,1.013258,-0.029156,16.657459
0,68639949,0.013723,0.010969,0.997527,17.651934
1,68640067,0.007645,-0.009520,0.998586,14.558011
2,68640119,0.000359,1.013301,-0.029164,16.546961
0,68640204,0.013695,0.010984,0.997547,17.762430
1,68640322,0.007629,-0.009547,0.998590,14.337016
2,68640374,0.000383,1.013305,-0.029184,16.657459
0,68640459,0.013703,0.010945,0.997551,17.541437
1,68640577,0.007637,-0.009523,0.998574,14.337016
2,68640629,0.000340,1.013301,-0.029176,16.546961
0,68640714,0.013707,0.010957,0.997527,17.541437
1,68640832,0.007656,-0.009523,0.998609,14.558011
2,68640884,0.000348,1.013277,-0.029172,16.878452
0,68640969,0.013676,0.011008,0.997566,17.762430
1,68641087,0.007648,-0.009539,0.998598,14.447514
2,68641139,0.000348,1.013281,-0.029172,16.546961
0,68641224,0.013648,0.010996,0.997574,17.541437
1,68641342,0.007637,-0.009539,0.998543,14.558011
2,68641394,0.000363,1.013301,-0.029156,16.657459
0,68641479,0.013691,0.010984,0.997555,17.541437
1,68641597,0.007656,-0.009535,0.998594,14.558011
2,68641649,0.000336,1.013305,-0.029172,16.546961
