1,63074064,0.007617,-0.009531,0.998590,14.447514
2,63074083,0.000383,1.013309,-0.029094,16.436464
0,63074135,0.013672,0.011008,0.997500,17.541437
1,63074319,0.007645,-0.009547,0.998617,14.447514
2,63074338,0.000355,1.013234,-0.029141,16.325968
0,63074390,0.013727,0.011008,0.997512,17.541437
1,63074574,0.007621,-0.009527,0.998574,14.447514
2,63074593,0.000348,1.013273,-0.029098,16.325968
0,63074645,0.013703,0.011020,0.997527,17.541437
1,63074829,0.007633,-0.009535,0.998559,14.447514
2,63074848,0.000359,1.013266,-0.029141,16.436464
0,63074900,0.013695,0.010984,0.997535,17.541437
1,63075084,0.007633,-0.009559,0.998578,14.558011
2,63075103,0.000367,1.013242,-0.029152,16.546961
0,63075155,0.013703,0.011000,0.997469,17.541437
1,63075339,0.007609,-0.009559,0.998605,14.447514
2,63075358,0.000348,1.013305,-0.029148,16.546961
0,63075410,0.013719,0.010977,0.997488,17.541437
2,63075605,0.000344,1.013285,-0.029145,16.657459
1,63075635,0.007648,-0.009535,0.998629,14.447514
0,63075665,0.013703,0.010984,0.997523,17.541437
2,63075860,0.000352,1.013277,-0.029184,16.657459
1,63075890,0.007637,-0.009539,0.998652,14.447514
0,63075920,0.013738,0.010984,0.997492,17.541437
2,63076115,0.000379,1.013277,-0.029109,16.436464
1,63076145,0.007629,-0.009551,0.998641,14.558011
0,63076175,0.013734,0.010984,0.997492,17.651934
2,63076370,0.000363,1.013293,-0.029145,16.657459
1,63076400,0.007645,-0.009520,0.998609,14.558011
0,63076430,0.013691,0.010992,0.997473,17.430939
2,63076625,0.000348,1.013305,-0.029148,16.436464
1,63076655,0.007613,-0.009512,0.998598,14.558011
0,63076685,0.013703,0.011008,0.997504,17.651934
2,63076880,0.000371,1.013301,-0.029172,16.215469
1,63076910,0.007637,-0.009500,0.998566,14.337016
0,63076940,0.013730,0.010996,0.997488,17.541437
2,63077135,0.000359,1.013285,-0.029191,16.657459
1,63077165,0.007652,-0.009535,0.998598,14.447514
0,63077195,0.013711,0.010988,0.997512,17.541437
2,63077390,0.000371,1.013297,-0.029133,16.436464
1,63077420,0.007641,-0.009547,0.998605,14.337016
0,63077450,0.013703,0.010984,0.997461,17.541437
2,63077645,0.000359,1.013309,-0.029121,16.436464
1,63077675,0.007625,-0.009555,0.998621,14.337016
0,63077705,0.013711,0.010992,0.997484,17.541437
2,63077900,0.000371,1.013270,-0.029125,16.325968
1,63077930,0.007613,-0.009539,0.998613,14.558011
0,63077960,0.013715,0.010984,0.997500,17.541437
2,63078155,0.000375,1.013293,-0.029152,16.657459
1,63078185,0.007660,-0.009535,0.998625,14.558011
0,63078215,0.013723,0.011000,0.997508,17.541437
2,63078410,0.000355,1.013297,-0.029152,16.436464
1,63078440,0.007648,-0.009535,0.998605,14.447514
0,63078470,0.013711,0.011000,0.997535,17.651934
2,63078665,0.000348,1.013262,-0.029168,16.436464
1,63078695,0.007633,-0.009512,0.998609,14.447514
0,63078725,0.013687,0.010984,0.997473,17.541437
2,63078920,0.000387,1.013297,-0.029168,16.546961
1,63078950,0.007602,-0.009539,0.998582,14.447514
0,63078980,0.013711,0.010988,0.997480,17.651934
