0,51948028,0.013711,0.010996,0.997523,17.872929
1,51948047,0.007613,-0.009516,0.998609,14.889503
2,51948165,0.000355,1.013293,-0.029156,16.878452
0,51948283,0.013711,0.010984,0.997500,17.872929
1,51948302,0.007637,-0.009516,0.998590,14.779005
2,51948420,0.000355,1.013273,-0.029164,16.878452
0,51948538,0.013695,0.010980,0.997523,17.983425
1,51948557,0.007645,-0.009539,0.998633,14.889503
2,51948675,0.000387,1.013305,-0.029168,16.657459
0,51948793,0.013711,0.010969,0.997496,17.983425
1,51948812,0.007633,-0.009578,0.998605,14.889503
2,51948930,0.000379,1.013293,-0.029188,16.988951
0,51949048,0.013719,0.010961,0.997457,17.983425
1,51949067,0.007641,-0.009586,0.998602,14.889503
2,51949185,0.000387,1.013293,-0.029156,16.767956
0,51949303,0.013727,0.010984,0.997473,17.651934
1,51949322,0.007629,-0.009562,0.998629,14.889503
2,51949440,0.000371,1.013277,-0.029148,16.878452
0,51949558,0.013699,0.010980,0.997492,17.983425
1,51949577,0.007621,-0.009574,0.998563,14.779005
2,51949695,0.000367,1.013293,-0.029145,16.657459
0,51949813,0.013703,0.011012,0.997504,17.872929
1,51949832,0.007641,-0.009547,0.998605,14.889503
2,51949950,0.000387,1.013305,-0.029148,16.988951
0,51950068,0.013707,0.011004,0.997492,17.983425
1,51950087,0.007633,-0.009551,0.998609,14.889503
2,51950205,0.000359,1.013320,-0.029133,16.878452
0,51950323,0.013687,0.010984,0.997465,17.983425
1,51950342,0.007617,-0.009555,0.998621,14.889503
2,51950460,0.000340,1.013309,-0.029168,16.878452
0,51950578,0.013719,0.011004,0.997512,17.983425
1,51950597,0.007633,-0.009535,0.998609,14.889503
2,51950715,0.000355,1.013289,-0.029156,16.657459
0,51950833,0.013719,0.011000,0.997469,17.983425
1,51950852,0.007621,-0.009539,0.998625,14.889503
2,51950970,0.000371,1.013305,-0.029160,16.988951
0,51951088,0.013715,0.010977,0.997500,17.872929
1,51951107,0.007633,-0.009574,0.998621,14.889503
2,51951225,0.000379,1.013281,-0.029156,16.878452
0,51951343,0.013691,0.011020,0.997473,17.872929
1,51951362,0.007641,-0.009539,0.998621,14.889503
2,51951480,0.000344,1.013301,-0.029172,16.988951
0,51951598,0.013695,0.010977,0.997457,17.872929
1,51951617,0.007645,-0.009551,0.998590,14.889503
2,51951735,0.000375,1.013316,-0.029145,16.546961
0,51951853,0.013691,0.010992,0.997488,17.983425
1,51951872,0.007625,-0.009570,0.998586,14.889503
2,51951990,0.000363,1.013301,-0.029156,16.878452
0,51952108,0.013695,0.011004,0.997484,17.983425
1,51952127,0.007637,-0.009566,0.998633,15.000000
2,51952245,0.000371,1.013301,-0.029125,16.767956
0,51952363,0.013684,0.010992,0.997484,17.983425
1,51952382,0.007691,-0.009555,0.998613,14.889503
2,51952500,0.000363,1.013301,-0.029156,16.988951
0,51952618,0.013711,0.010980,0.997527,17.872929
1,51952637,0.007660,-0.009516,0.998617,14.889503
2,51952755,0.000371,1.013320,-0.029141,16.988951
0,51952873,0.013680,0.010992,0.997512,17.983425
1,51952892,0.007656,-0.009539,0.998602,14.889503
2,51953010,0.000355,1.013324,-0.029156,16.988951
