1,94595394,0.007590,-0.009555,0.998633,13.563536
0,94595490,0.013676,0.010957,0.997520,16.657459
2,94595586,0.000324,1.013281,-0.029172,15.773480
1,94595649,0.007609,-0.009555,0.998605,13.674033
0,94595745,0.013684,0.010977,0.997484,16.657459
2,94595841,0.000320,1.013246,-0.029148,15.552486
1,94595904,0.007609,-0.009551,0.998574,13.563536
0,94596000,0.013680,0.010992,0.997480,16.767956
2,94596096,0.000312,1.013238,-0.029152,15.662984
1,94596159,0.007602,-0.009539,0.998602,13.453038
0,94596255,0.013680,0.010984,0.997504,16.767956
2,94596351,0.000312,1.013262,-0.029164,15.773480
1,94596414,0.007617,-0.009547,0.998605,13.563536
0,94596510,0.013680,0.010980,0.997523,16.657459
2,94596606,0.000305,1.013250,-0.029168,15.773480
1,94596669,0.007629,-0.009531,0.998617,13.453038
0,94596765,0.013703,0.011000,0.997492,16.657459
2,94596861,0.000320,1.013258,-0.029188,15.552486
1,94596924,0.007613,-0.009539,0.998629,13.563536
0,94597020,0.013684,0.010973,0.997508,16.878452
2,94597116,0.000328,1.013266,-0.029145,15.552486
1,94597179,0.007594,-0.009570,0.998613,13.674033
0,94597275,0.013676,0.011012,0.997512,16.657459
2,94597404,0.000309,1.013250,-0.029152,15.773480
1,94597434,0.007613,-0.009566,0.998609,13.563536
0,94597530,0.013672,0.010992,0.997500,16.657459
2,94597659,0.000320,1.013273,-0.029137,15.552486
1,94597689,0.007621,-0.009555,0.998633,13.895027
0,94597785,0.013668,0.010996,0.997523,16.657459
2,94597914,0.000344,1.013262,-0.029125,15.552486
1,94597944,0.007629,-0.009578,0.998613,13.563536
0,94598040,0.013672,0.011004,0.997465,16.657459
2,94598169,0.000328,1.013270,-0.029145,15.662984
1,94598199,0.007594,-0.009555,0.998539,13.563536
0,94598295,0.013687,0.010992,0.997512,16.657459
2,94598424,0.000332,1.013273,-0.029180,15.662984
1,94598454,0.007617,-0.009543,0.998586,13.563536
0,94598550,0.013668,0.011020,0.997496,16.657459
2,94598679,0.000340,1.013254,-0.029168,15.552486
1,94598709,0.007617,-0.009551,0.998609,13.674033
0,94598805,0.013660,0.011008,0.997531,16.657459
2,94598934,0.000348,1.013250,-0.029117,15.662984
1,94598964,0.007625,-0.009574,0.998598,13.674033
0,94599060,0.013699,0.011020,0.997527,16.657459
2,94599189,0.000355,1.013266,-0.029129,15.662984
1,94599219,0.007617,-0.009559,0.998590,13.674033
0,94599315,0.013691,0.010988,0.997496,16.657459
2,94599444,0.000332,1.013297,-0.029152,15.662984
1,94599474,0.007613,-0.009559,0.998570,13.563536
0,94599570,0.013680,0.010992,0.997535,16.657459
2,94599699,0.000367,1.013297,-0.029199,15.662984
1,94599729,0.007629,-0.009535,0.998605,13.563536
0,94599825,0.013648,0.010977,0.997527,16.657459
2,94599954,0.000344,1.013297,-0.029141,15.662984
1,94599984,0.007590,-0.009543,0.998594,13.563536
0,94600080,0.013699,0.010969,0.997555,16.657459
2,94600209,0.000340,1.013266,-0.029129,15.662984
1,94600239,0.007590,-0.009547,0.998617,13.563536
0,94600302,0.013676,0.010988,0.997570,16.657459
