1,66782526,0.007629,-0.009582,0.998645,14.337016
2,66782578,0.000348,1.013277,-0.029082,16.546961
0,66782663,0.013687,0.010988,0.997535,17.872929
1,66782781,0.007641,-0.009543,0.998617,14.447514
2,66782833,0.000352,1.013289,-0.029098,16.546961
0,66782918,0.013703,0.010988,0.997523,17.541437
1,66783036,0.007641,-0.009512,0.998605,14.337016
2,66783088,0.000355,1.013301,-0.029133,16.546961
0,66783173,0.013723,0.010977,0.997531,17.651934
1,66783291,0.007625,-0.009539,0.998609,14.447514
2,66783343,0.000352,1.013285,-0.029133,16.546961
0,66783428,0.013707,0.010992,0.997543,17.541437
1,66783546,0.007668,-0.009559,0.998598,14.447514
2,66783598,0.000355,1.013281,-0.029141,16.657459
0,66783683,0.013715,0.010984,0.997520,17.541437
1,66783801,0.007637,-0.009559,0.998637,14.447514
2,66783853,0.000367,1.013270,-0.029133,16.657459
0,66783938,0.013711,0.010988,0.997500,17.430939
1,66784056,0.007656,-0.009523,0.998629,14.447514
2,66784108,0.000352,1.013293,-0.029168,16.546961
0,66784193,0.013691,0.010961,0.997559,17.651934
1,66784311,0.007645,-0.009527,0.998621,14.447514
2,66784363,0.000363,1.013297,-0.029141,16.436464
0,66784448,0.013676,0.010957,0.997594,17.541437
1,66784566,0.007637,-0.009555,0.998645,14.337016
2,66784618,0.000367,1.013281,-0.029148,16.436464
0,66784703,0.013703,0.011008,0.997477,17.651934
1,66784821,0.007625,-0.009551,0.998594,14.779005
2,66784873,0.000344,1.013281,-0.029137,16.546961
0,66784958,0.013687,0.010996,0.997465,17.541437
1,66785076,0.007637,-0.009543,0.998609,14.447514
2,66785128,0.000359,1.013312,-0.029137,16.546961
0,66785213,0.013723,0.010969,0.997531,17.651934
1,66785331,0.007621,-0.009539,0.998637,14.447514
2,66785383,0.000355,1.013289,-0.029152,16.436464
0,66785468,0.013711,0.010980,0.997543,17.651934
1,66785586,0.007625,-0.009551,0.998629,14.337016
2,66785638,0.000375,1.013289,-0.029133,16.546961
0,66785723,0.013695,0.011004,0.997473,17.541437
1,66785841,0.007656,-0.009520,0.998598,14.447514
2,66785893,0.000344,1.013297,-0.029168,16.657459
0,66785978,0.013691,0.011008,0.997535,17.541437
1,66786096,0.007648,-0.009551,0.998602,14.668509
2,66786148,0.000367,1.013293,-0.029129,16.436464
0,66786233,0.013715,0.011008,0.997566,17.430939
1,66786351,0.007652,-0.009547,0.998598,14.447514
2,66786403,0.000359,1.013312,-0.029148,16.325968
0,66786488,0.013691,0.011008,0.997527,17.651934
1,66786606,0.007652,-0.009535,0.998605,14.447514
2,66786658,0.000332,1.013281,-0.029156,16.436464
0,66786710,0.013695,0.010980,0.997469,17.651934
1,66786861,0.007613,-0.009531,0.998613,14.558011
2,66786913,0.000348,1.013281,-0.029129,16.436464
0,66786965,0.013727,0.010980,0.997488,17.541437
1,66787116,0.007637,-0.009559,0.998648,14.226520
2,66787168,0.000387,1.013285,-0.029184,16.436464
0,66787220,0.013703,0.010980,0.997516,17.651934
1,66787371,0.007633,-0.009551,0.998621,14.337016
2,66787423,0.000352,1.013312,-0.029172,16.436464
0,66787475,0.013699,0.011039,0.997531,17.651934
