0,34333246,0.013742,0.010980,0.997484,18.646408
1,34333298,0.007672,-0.009543,0.998645,15.773480
2,34333383,0.000375,1.013344,-0.029152,17.651934
0,34333501,0.013742,0.011016,0.997480,18.756907
1,34333553,0.007668,-0.009543,0.998633,15.662984
2,34333638,0.000395,1.013320,-0.029184,17.541437
0,34333756,0.013770,0.011020,0.997516,18.756907
1,34333808,0.007652,-0.009551,0.998578,15.662984
2,34333893,0.000383,1.013340,-0.029145,17.541437
0,34334011,0.013766,0.011004,0.997543,18.756907
1,34334063,0.007645,-0.009523,0.998625,15.552486
2,34334148,0.000379,1.013348,-0.029152,17.541437
0,34334233,0.013781,0.010988,0.997492,18.756907
1,34334318,0.007656,-0.009551,0.998637,15.662984
2,34334403,0.000426,1.013328,-0.029121,17.541437
0,34334488,0.013758,0.011004,0.997512,18.756907
1,34334573,0.007664,-0.009527,0.998625,15.662984
2,34334658,0.000402,1.013352,-0.029184,17.651934
0,34334743,0.013750,0.011012,0.997512,18.756907
1,34334828,0.007672,-0.009523,0.998590,15.552486
2,34334913,0.000406,1.013336,-0.029191,17.541437
0,34334998,0.013773,0.010996,0.997473,18.867403
1,34335083,0.007660,-0.009523,0.998617,15.662984
2,34335168,0.000383,1.013348,-0.029180,17.541437
0,34335253,0.013762,0.011023,0.997469,18.756907
1,34335338,0.007656,-0.009551,0.998598,15.773480
2,34335423,0.000363,1.013324,-0.029164,17.541437
0,34335508,0.013711,0.011004,0.997516,18.756907
1,34335626,0.007668,-0.009535,0.998621,15.662984
2,34335678,0.000398,1.013316,-0.029105,17.541437
0,34335763,0.013703,0.011027,0.997469,18.756907
1,34335881,0.007664,-0.009555,0.998641,15.773480
2,34335933,0.000391,1.013328,-0.029176,17.541437
0,34336018,0.013738,0.010988,0.997453,18.646408
1,34336136,0.007664,-0.009539,0.998617,15.662984
2,34336188,0.000395,1.013332,-0.029145,17.762430
0,34336273,0.013754,0.010996,0.997504,18.756907
1,34336391,0.007641,-0.009512,0.998613,15.662984
2,34336443,0.000391,1.013340,-0.029098,17.430939
0,34336528,0.013734,0.011012,0.997488,18.756907
1,34336646,0.007641,-0.009523,0.998605,15.552486
2,34336698,0.000387,1.013340,-0.029094,17.541437
0,34336783,0.013762,0.010988,0.997480,18.867403
1,34336901,0.007633,-0.009500,0.998617,15.773480
2,34336953,0.000406,1.013328,-0.029133,17.541437
0,34337038,0.013738,0.010988,0.997527,18.756907
1,34337156,0.007625,-0.009547,0.998598,15.773480
2,34337208,0.000387,1.013305,-0.029141,17.762430
0,34337293,0.013742,0.010980,0.997457,18.646408
1,34337411,0.007641,-0.009559,0.998590,15.552486
2,34337463,0.000398,1.013316,-0.029137,17.651934
0,34337548,0.013727,0.011000,0.997469,18.756907
1,34337666,0.007668,-0.009527,0.998609,15.773480
2,34337718,0.000406,1.013340,-0.029180,17.651934
0,34337803,0.013738,0.011000,0.997504,18.646408
1,34337921,0.007641,-0.009531,0.998617,15.662984
2,34337973,0.000387,1.013324,-0.029160,17.762430
0,34338058,0.013715,0.011004,0.997512,18.756907
1,34338176,0.007660,-0.009535,0.998645,15.773480
2,34338228,0.000371,1.013344,-0.029184,17.541437
