0,38041764,0.013715,0.011004,0.997488,18.425415
2,38041794,0.000406,1.013316,-0.029125,17.320442
1,38041824,0.007664,-0.009523,0.998637,15.220995
0,38042019,0.013727,0.011008,0.997473,18.425415
2,38042049,0.000352,1.013312,-0.029137,17.209946
1,38042079,0.007625,-0.009516,0.998602,15.441989
0,38042274,0.013734,0.010996,0.997449,18.535912
2,38042304,0.000348,1.013328,-0.029105,17.209946
1,38042334,0.007672,-0.009512,0.998629,15.331491
0,38042529,0.013738,0.010996,0.997445,18.425415
2,38042559,0.000383,1.013285,-0.029152,17.430939
1,38042589,0.007656,-0.009566,0.998609,15.552486
0,38042784,0.013734,0.011020,0.997504,18.314917
2,38042814,0.000398,1.013332,-0.029141,17.209946
1,38042844,0.007672,-0.009527,0.998602,15.220995
0,38043039,0.013742,0.011000,0.997473,18.425415
2,38043069,0.000348,1.013301,-0.029168,17.209946
1,38043099,0.007680,-0.009531,0.998586,15.441989
0,38043294,0.013734,0.010984,0.997480,18.756907
2,38043324,0.000379,1.013309,-0.029148,17.541437
1,38043354,0.007668,-0.009555,0.998625,15.441989
0,38043549,0.013742,0.011008,0.997488,18.535912
2,38043579,0.000395,1.013352,-0.029172,17.430939
1,38043609,0.007660,-0.009520,0.998617,15.220995
0,38043804,0.013727,0.011000,0.997480,18.425415
2,38043834,0.000363,1.013328,-0.029180,17.430939
1,38043864,0.007656,-0.009516,0.998590,15.552486
0,38044059,0.013734,0.011004,0.997465,18.425415
2,38044089,0.000367,1.013320,-0.029125,17.430939
1,38044119,0.007652,-0.009539,0.998605,15.552486
0,38044314,0.013723,0.011012,0.997426,18.535912
2,38044344,0.000371,1.013316,-0.029125,17.209946
1,38044374,0.007641,-0.009543,0.998582,15.441989
0,38044569,0.013734,0.010996,0.997445,18.535912
2,38044599,0.000395,1.013344,-0.029145,17.430939
1,38044629,0.007637,-0.009535,0.998613,15.441989
0,38044791,0.013742,0.011000,0.997477,18.535912
2,38044854,0.000387,1.013344,-0.029152,17.209946
1,38044884,0.007660,-0.009504,0.998594,15.220995
0,38045046,0.013719,0.010984,0.997445,18.425415
2,38045109,0.000410,1.013344,-0.029129,17.430939
1,38045139,0.007637,-0.009512,0.998605,15.220995
0,38045301,0.013742,0.011016,0.997500,18.535912
2,38045364,0.000430,1.013309,-0.029141,17.430939
1,38045394,0.007641,-0.009523,0.998609,15.331491
0,38045556,0.013754,0.011023,0.997453,18.535912
2,38045619,0.000430,1.013293,-0.029105,17.430939
1,38045649,0.007656,-0.009516,0.998598,15.662984
0,38045811,0.013742,0.011004,0.997500,18.756907
2,38045874,0.000375,1.013301,-0.029141,17.651934
1,38045904,0.007676,-0.009531,0.998594,15.441989
0,38046066,0.013727,0.011035,0.997504,18.535912
2,38046129,0.000387,1.013301,-0.029141,17.430939
1,38046159,0.007680,-0.009523,0.998629,15.441989
0,38046321,0.013742,0.011012,0.997469,18.535912
2,38046384,0.000395,1.013336,-0.029152,17.430939
1,38046414,0.007660,-0.009512,0.998566,15.552486
0,38046576,0.013754,0.011004,0.997461,18.425415
2,38046639,0.000398,1.013324,-0.029152,17.320442
1,38046669,0.007664,-0.009523,0.998602,15.441989
