1,90886900,0.007598,-0.009535,0.998531,13.453038
2,90886919,0.000297,1.013270,-0.029078,15.331491
0,90887037,0.013668,0.010980,0.997547,16.436464
1,90887155,0.007602,-0.009500,0.998566,13.342542
2,90887174,0.000305,1.013262,-0.029152,15.552486
0,90887292,0.013684,0.010969,0.997516,16.657459
1,90887410,0.007605,-0.009531,0.998582,13.453038
2,90887429,0.000312,1.013258,-0.029113,15.331491
0,90887547,0.013687,0.010949,0.997523,16.215469
1,90887665,0.007621,-0.009578,0.998563,13.342542
2,90887684,0.000312,1.013250,-0.029105,15.220995
0,90887802,0.013633,0.010961,0.997543,16.546961
1,90887920,0.007621,-0.009559,0.998555,13.342542
2,90887939,0.000312,1.013238,-0.029148,15.331491
0,90888057,0.013660,0.011000,0.997516,16.546961
1,90888175,0.007617,-0.009551,0.998566,13.453038
2,90888194,0.000344,1.013238,-0.029156,15.331491
0,90888312,0.013660,0.010996,0.997496,16.436464
1,90888430,0.007629,-0.009523,0.998574,13.342542
2,90888449,0.000312,1.013250,-0.029145,15.331491
0,90888567,0.013695,0.010996,0.997523,16.546961
1,90888685,0.007641,-0.009512,0.998570,13.453038
2,90888704,0.000340,1.013238,-0.029129,15.220995
0,90888822,0.013695,0.010992,0.997480,16.436464
1,90888940,0.007629,-0.009535,0.998590,13.342542
2,90888959,0.000309,1.013270,-0.029133,15.331491
0,90889077,0.013660,0.010973,0.997520,16.436464
1,90889195,0.007621,-0.009559,0.998621,13.342542
2,90889214,0.000309,1.013273,-0.029168,15.331491
0,90889332,0.013668,0.010996,0.997488,16.436464
1,90889450,0.007621,-0.009543,0.998629,13.232044
2,90889469,0.000312,1.013266,-0.029137,15.552486
0,90889587,0.013691,0.010992,0.997535,16.436464
1,90889705,0.007633,-0.009543,0.998598,13.563536
2,90889724,0.000320,1.013262,-0.029172,15.552486
0,90889842,0.013648,0.010973,0.997516,16.546961
1,90889960,0.007637,-0.009547,0.998617,13.453038
2,90889979,0.000340,1.013281,-0.029141,15.331491
0,90890097,0.013664,0.010988,0.997512,16.436464
1,90890215,0.007590,-0.009555,0.998594,13.453038
2,90890234,0.000289,1.013250,-0.029168,15.331491
0,90890352,0.013672,0.010969,0.997523,16.436464
1,90890470,0.007605,-0.009578,0.998598,13.453038
2,90890489,0.000289,1.013234,-0.029141,15.220995
0,90890607,0.013699,0.011004,0.997559,16.436464
1,90890725,0.007625,-0.009562,0.998633,13.342542
2,90890744,0.000340,1.013258,-0.029145,15.552486
0,90890862,0.013676,0.010984,0.997504,16.215469
1,90890980,0.007613,-0.009531,0.998617,13.563536
2,90890999,0.000336,1.013270,-0.029156,15.331491
0,90891117,0.013684,0.010977,0.997508,16.436464
1,90891235,0.007637,-0.009531,0.998613,13.453038
2,90891254,0.000328,1.013254,-0.029184,15.331491
0,90891372,0.013641,0.010949,0.997488,16.546961
1,90891490,0.007621,-0.009531,0.998602,13.342542
2,90891509,0.000344,1.013273,-0.029148,15.331491
0,90891627,0.013672,0.010965,0.997531,16.546961
1,90891745,0.007629,-0.009539,0.998613,13.453038
2,90891764,0.000344,1.013266,-0.029125,15.331491
0,90891882,0.013695,0.010973,0.997547,16.546961
