1,10227890,0.007648,-0.009520,0.998684,16.878452
0,10227953,0.013773,0.010965,0.997465,19.861879
2,10228016,0.000422,1.013352,-0.029129,19.088398
1,10228145,0.007656,-0.009527,0.998668,16.988951
0,10228208,0.013805,0.011008,0.997469,20.082872
2,10228271,0.000402,1.013387,-0.029180,19.088398
1,10228400,0.007652,-0.009500,0.998676,16.767956
0,10228463,0.013742,0.010984,0.997496,20.082872
2,10228526,0.000426,1.013391,-0.029199,19.088398
1,10228655,0.007645,-0.009512,0.998672,16.767956
0,10228718,0.013762,0.011004,0.997492,19.861879
2,10228781,0.000434,1.013379,-0.029156,19.088398
1,10228910,0.007621,-0.009516,0.998629,16.878452
0,10228973,0.013789,0.010996,0.997465,20.193371
2,10229036,0.000434,1.013371,-0.029176,18.867403
1,10229165,0.007621,-0.009516,0.998594,16.878452
0,10229228,0.013781,0.011000,0.997449,20.193371
2,10229291,0.000418,1.013391,-0.029180,19.088398
1,10229420,0.007664,-0.009488,0.998660,16.657459
0,10229483,0.013777,0.010980,0.997465,19.751381
2,10229546,0.000398,1.013367,-0.029164,18.867403
1,10229675,0.007648,-0.009523,0.998656,16.767956
0,10229738,0.013801,0.010992,0.997488,20.082872
2,10229801,0.000402,1.013387,-0.029188,18.867403
1,10229930,0.007660,-0.009516,0.998695,16.878452
0,10229993,0.013801,0.010992,0.997508,20.193371
2,10230056,0.000438,1.013391,-0.029168,18.977901
1,10230185,0.007664,-0.009516,0.998664,16.767956
0,10230248,0.013773,0.011000,0.997473,20.082872
2,10230311,0.000402,1.013363,-0.029102,18.867403
1,10230440,0.007629,-0.009500,0.998617,16.878452
0,10230503,0.013777,0.011035,0.997477,20.082872
2,10230566,0.000395,1.013383,-0.029113,19.198895
1,10230695,0.007652,-0.009504,0.998605,16.657459
0,10230758,0.013793,0.011008,0.997457,20.082872
2,10230821,0.000391,1.013379,-0.029125,19.088398
1,10230950,0.007625,-0.009527,0.998648,16.767956
0,10231013,0.013762,0.010996,0.997469,19.861879
2,10231076,0.000402,1.013398,-0.029137,19.088398
1,10231205,0.007633,-0.009527,0.998602,16.878452
0,10231268,0.013770,0.011004,0.997453,20.082872
2,10231331,0.000398,1.013402,-0.029129,18.867403
1,10231460,0.007625,-0.009520,0.998637,16.878452
0,10231523,0.013785,0.011031,0.997469,20.082872
2,10231586,0.000379,1.013398,-0.029164,18.977901
1,10231715,0.007629,-0.009527,0.998617,16.878452
0,10231778,0.013797,0.011000,0.997469,19.972376
2,10231841,0.000414,1.013391,-0.029168,18.977901
1,10231970,0.007648,-0.009516,0.998598,16.767956
0,10232033,0.013773,0.011016,0.997535,20.193371
2,10232096,0.000410,1.013371,-0.029152,18.867403
1,10232225,0.007648,-0.009496,0.998605,16.767956
0,10232288,0.013770,0.010992,0.997508,19.861879
2,10232351,0.000426,1.013418,-0.029156,18.977901
1,10232480,0.007629,-0.009512,0.998645,16.767956
0,10232543,0.013777,0.010965,0.997492,20.082872
2,10232606,0.000438,1.013414,-0.029133,19.088398
1,10232735,0.007641,-0.009520,0.998652,16.657459
0,10232798,0.013762,0.011016,0.997461,19.861879
